Gnsser/Gnsser.Winform/bin/Debug/Data/IgsProduct/igsg0020.18i
     1.0            IONOSPHERE MAPS     MIX                 IONEX VERSION / TYPE
cmpcmb v1.2          GRL/UWM            18-jan-18 12:41     PGM / RUN BY / DATE 
ionex file containing IGS COMBINED Ionosphere maps          COMMENT             
global ionosphere maps for day 002, 2018                    DESCRIPTION         
IONEX file containing the COMBINED IGS TEC MAPS and DCBs    DESCRIPTION         
      IONEX files of the following IAACs were combined: cod DESCRIPTION         
                                                        jpl DESCRIPTION         
Contact address: Andrzej Krankowski                         DESCRIPTION
                 Geodynamics Research Laboratory            DESCRIPTION
                 University of Warmia and Mazury (GRL/UWM)  DESCRIPTION
                 Oczapowski St. 1                           DESCRIPTION
                 10-957-Olsztyn, POLAND                     DESCRIPTION
                 e-mail:  kand@uwm.edu.pl                   DESCRIPTION
                                                            DESCRIPTION         
  2018     1     2     0     0     0                        EPOCH OF FIRST MAP  
  2018     1     3     0     0     0                        EPOCH OF LAST MAP   
  7200                                                      INTERVAL            
    13                                                      # OF MAPS IN FILE   
  COSZ                                                      MAPPING FUNCTION    
     0.0                                                    ELEVATION CUTOFF    
combined TEC calculated as weighted mean of input TEC valuesOBSERVABLES USED    
   327                                                      # OF STATIONS       
    32                                                      # OF SATELLITES     
  6371.0                                                    BASE RADIUS         
     2                                                      MAP DIMENSION       
   450.0 450.0   0.0                                        HGT1 / HGT2 / DHGT  
    87.5 -87.5  -2.5                                        LAT1 / LAT2 / DLAT  
  -180.0 180.0   5.0                                        LON1 / LON2 / DLON  
    -1                                                      EXPONENT            
TEC values in 0.1 tec units;  9999, if no value available   COMMENT             
DCB values in nanoseconds, reference is Sum_of_SatDCBs = 0  COMMENT             
                                                            END OF HEADER       
[from data line 429]
     2                                                      START OF TEC MAP    
  2018     1     2     2     0     0                        EPOCH OF CURRENT MAP
    87.5-180.0 180.0   5.0 450.0                            LAT/LON1/LON2/DLON/H
   25   25   25   25   25   25   25   25   25   24   24   24   24   23   23   22
   22   21   21   20   20   19   19   18   18   17   17   17   17   17   17   17
   17   17   17   17   17   17   18   18   18   18   19   19   19   19   19   19
   20   20   20   20   20   20   20   20   20   21   21   21   21   22   22   22
   22   23   23   23   23   24   24   24   25
    85.0-180.0 180.0   5.0 450.0                            LAT/LON1/LON2/DLON/H
   27   27   28   28   29   29   29   29   29   28   27   27   26   25   24   23
   22   20   19   18   17   16   15   14   13   13   12   11   11   11   11   11
   11   12   12   13   13   14   15   16   16   17   18   18   19   19   19   19
   19   19   19   19   19   19   19   19   19   19   19   20   20   21   21   21
   22   22   23   23   24   25   25   26   27
    82.5-180.0 180.0   5.0 450.0                            LAT/LON1/LON2/DLON/H
   27   28   28   29   30   31   31   31   31   31   30   29   28   27   25   23
   21   19   18   16   14   12   11    9    8    7    7    7    7    7    7    8
    8    9   10   11   12   14   15   16   17   18   19   19   20   20   21   20
   20   20   19   19   18   18   17   18   17   17   17   17   17   18   18   19
   19   20   21   22   23   24   25   26   27
    80.0-180.0 180.0   5.0 450.0                            LAT/LON1/LON2/DLON/H
   25   26   28   28   30   30   31   31   31   31   31   30   29   27   25   23
   21   19   16   14   11    9    7    6    6    6    6    6    6    7    7    7
    8    9   10   11   13   15   16   18   20   21   22   23   23   23   23   22
   22   21   20   19   18   17   16   16   15   14   15   14   14   15   16   16
   17   18   19   20   21   22   24   24   25
    77.5-180.0 180.0   5.0 450.0                            LAT/LON1/LON2/DLON/H
   24   25   25   26   27   28   29   30   30   30   30   29   28   26   25   23
   20   17   15   12   10    8    7    7    6    6    7    7    7    7    8    8
    8    9   11   13   15   17   18   20   22   23   24   25   25   25   25   24
   23   22   21   19   18   16   15   14   14   13   13   13   13   14   14   15
   16   17   18   19   21   21   22   23   24
    75.0-180.0 180.0   5.0 450.0                            LAT/LON1/LON2/DLON/H
   23   23   23   23   24   25   25   26   26   27   27   27   26   25   23   21
   19   16   14   12   10    9    8    8    8    8    8    9    9    9    9    9
   10   12   13   15   16   18   20   21   23   24   25   25   25   25   25   23
   23   21   20   18   16   15   14   13   13   13   13   14   14   15   16   17
   18   19   20   21   22   23   23   23   23
    72.5-180.0 180.0   5.0 450.0                            LAT/LON1/LON2/DLON/H
   25   24   23   22   21   21   21   22   22   22   22   23   23   22   21   20
   18   16   15   13   12   12   11   11   11   11   12   12   12   12   12   13
   13   15   16   16   17   19   20   21   21   22   22   23   23   22   22   21
   20   19   18   17   16   14   14   14   14   14   15   16   18   19   20   22
   23   25   26   26   27   27   27   26   25
    70.0-180.0 180.0   5.0 450.0                            LAT/LON1/LON2/DLON/H
   30   28   25   23   21   19   18   18   18   18   19   19   19   19   19   18
   17   17   16   16   16   16   16   16   16   16   17   17   18   17   17   17
   16   17   17   17   18   18   18   18   18   18   18   17   17   17   17   17
   16   16   15   15   14   15   15   15   16   18   19   21   23   25   27   28
   30   31   32   33   33   34   33   32   30
    67.5-180.0 180.0   5.0 450.0                            LAT/LON1/LON2/DLON/H
   37   34   31   27   24   21   19   17   17   16   16   16   16   16   16   16
   16   17   17   18   19   19   20   20   20   20   20   21   21   20   20   19
   18   18   17   17   17   16   16   14   13   13   12   11   11   12   12   13
   13   13   13   14   14   15   16   18   20   23   26   28   30   33   34   36
   37   38   39   41   41   41   41   39   37
    65.0-180.0 180.0   5.0 450.0                            LAT/LON1/LON2/DLON/H
   46   43   39   35   30   26   22   20   17   16   15   15   15   15   15   15
   16   17   18   19   21   22   22   22   22   22   22   21   22   22   21   20
   19   18   18   17   17   15   14   11   10   10    9    9    8    8    9   10
   11   12   13   14   15   18   20   22   26   29   33   36   39   40   42   42
   43   45   46   47   48   49   49   48   46
    62.5-180.0 180.0   5.0 450.0                            LAT/LON1/LON2/DLON/H
   55   53   49   44   39   33   29   24   21   18   16   15   14   15   15   15
   16   17   19   20   21   22   22   21   21   20   20   20   21   21   21   21
   20   19   18   18   17   15   13   11   10    9    8    8    8    8    9   11
   12   13   15   16   18   21   24   28   31   35   39   43   46   47   48   48
   48   49   50   52   53   55   56   56   55
    60.0-180.0 180.0   5.0 450.0                            LAT/LON1/LON2/DLON/H
   63   62   58   54   48   42   36   31   26   22   19   18   16   15   16   16
   17   18   19   20   20   20   20   19   18   18   17   18   19   20   20   20
   21   21   20   20   18   17   15   13   12   11   11   12   13   14   15   16
   17   18   19   21   23   27   30   34   38   42   46   50   53   54   54   53
   53   53   54   55   57   60   62   63   63
    57.5-180.0 180.0   5.0 450.0                            LAT/LON1/LON2/DLON/H
   70   71   68   64   59   52   44   38   32   27   23   21   19   18   17   17
   18   18   19   19   19   18   17   16   15   15   15   16   18   19   21   22
   23   24   23   23   23   21   20   20   20   21   22   23   24   25   25   25
   25   26   27   28   30   33   37   41   45   49   53   56   58   59   58   58
   56   56   57   59   61   64   67   70   70
    55.0-180.0 180.0   5.0 450.0                            LAT/LON1/LON2/DLON/H
   77   78   76   72   67   60   53   45   38   32   29   25   23   21   20   19
   19   20   20   19   18   16   15   15   15   15   16   18   19   21   23   24
   26   28   28   29   28   28   28   29   31   34   36   38   39   39   38   37
   37   36   37   37   39   41   45   48   52   55   58   60   63   63   63   62
   61   61   61   63   65   68   71   75   77
    52.5-180.0 180.0   5.0 450.0                            LAT/LON1/LON2/DLON/H
   82   83   82   79   74   68   60   51   44   38   33   29   27   24   23   22
   22   21   21   19   17   15   15   16   17   19   21   23   24   25   27   29
   31   33   34   35   35   36   37   40   44   49   53   55   56   55   53   51
   50   49   48   48   49   51   53   55   57   60   63   65   67   68   69   69
   68   68   67   68   70   72   76   79   82
    50.0-180.0 180.0   5.0 450.0                            LAT/LON1/LON2/DLON/H
   86   87   87   85   81   74   67   58   50   43   38   34   31   28   25   24
   24   24   23   21   19   18   18   20   23   26   29   30   31   32   33   35
   37   39   40   42   42   44   47   51   57   63   68   71   71   69   67   65
   62   61   60   59   59   60   62   63   65   66   68   69   72   73   74   76
   76   76   76   76   77   79   81   84   86
    47.5-180.0 180.0   5.0 450.0                            LAT/LON1/LON2/DLON/H
   90   90   90   89   86   80   73   64   56   49   44   40   36   32   29   28
   28   28   28   27   24   24   25   28   32   36   40   40   40   39   39   40
   42   44   46   47   49   51   55   60   67   74   81   83   83   81   79   76
   75   73   72   71   70   71   71   71   71   72   74   75   77   79   81   83
   84   84   84   84   84   86   87   89   90
    45.0-180.0 180.0   5.0 450.0                            LAT/LON1/LON2/DLON/H
   93   93   93   93   91   86   78   70   62   56   51   46   41   37   34   32
   33   35   35   35   34   34   35   39   44   48   50   50   48   46   45   45
   47   49   50   52   54   57   61   67   74   82   88   91   91   90   88   86
   85   84   83   81   80   80   79   79   79   78   79   80   82   84   87   89
   91   92   91   91   91   92   94   94   93
    42.5-180.0 180.0   5.0 450.0                            LAT/LON1/LON2/DLON/H
   96   95   95   96   95   91   84   77   69   63   58   54   49   43   40   39
   41   43   45   46   46   48   49   52   55   59   60   59   55   52   50   49
   50   51   53   56   59   62   66   72   78   85   92   96   96   95   94   93
   92   92   91   89   89   87   87   86   85   84   84   86   87   89   92   94
   95   96   96   97   98   99   99   98   96
    40.0-180.0 180.0   5.0 450.0                            LAT/LON1/LON2/DLON/H
  100   97   96   97   97   94   89   83   76   71   67   63   58   52   47   47
   49   52   56   59   61   62   63   65   66   67   67   64   60   56   53   52
   52   54   56   59   62   66   70   74   80   86   93   97   99   97   97   96
   97   97   97   96   95   94   93   92   90   90   90   91   92   94   96   96
   97   97   99  101  103  104  104  102  100
    37.5-180.0 180.0   5.0 450.0                            LAT/LON1/LON2/DLON/H
  103   99   97   97   97   96   93   88   83   78   76   73   68   62   57   56
   58   62   67   71   75   77   76   75   74   73   70   67   63   58   55   54
   55   57   59   62   66   69   73   76   80   86   92   96   98   97   96   96
   97   99   99   99   99   98   98   97   96   95   95   95   96   97   98   98
   97   99  101  105  108  110  110  107  103
    35.0-180.0 180.0   5.0 450.0                            LAT/LON1/LON2/DLON/H
  108  101   97   96   97   97   94   91   88   86   85   83   79   73   68   66
   67   71   76   81   85   87   86   82   78   74   71   68   64   60   57   57
   58   60   63   66   69   73   76   78   81   85   91   95   96   95   93   93
   95   97   99  100  100  101  101  101  100  100  100   99  100  100  101  101
  101  103  106  111  113  116  117  114  108
    32.5-180.0 180.0   5.0 450.0                            LAT/LON1/LON2/DLON/H
  116  106   98   95   94   95   95   94   92   91   92   92   90   84   80   76
   75   77   81   87   92   93   90   84   78   73   69   66   64   62   61   62
   63   66   68   71   74   76   79   80   82   84   89   93   93   91   89   88
   89   92   95   97   99  102  103  104  105  106  105  103  103  104  106  107
  109  112  116  121  124  126  126  123  116
    30.0-180.0 180.0   5.0 450.0                            LAT/LON1/LON2/DLON/H
  127  114  102   95   92   93   94   94   94   95   97   98   98   94   89   85
   82   82   84   88   92   93   89   82   75   69   66   65   65   65   67   68
   70   72   75   76   79   81   82   83   83   85   87   90   89   85   82   81
   82   85   89   93   97  101  104  108  110  112  111  109  108  110  115  120
  125  130  134  138  140  141  141  137  127
    27.5-180.0 180.0   5.0 450.0                            LAT/LON1/LON2/DLON/H
  143  127  110  100   95   94   95   95   96   97   99  102  103  101   96   91
   87   83   83   86   89   89   84   77   71   66   64   66   68   71   74   77
   79   81   82   82   83   84   84   84   83   83   84   84   82   78   73   72
   73   77   82   89   95  101  107  112  117  119  119  117  116  120  128  138
  148  155  159  161  162  163  161  155  143
    25.0-180.0 180.0   5.0 450.0                            LAT/LON1/LON2/DLON/H
  164  145  126  111  103   99   98   98   98   99  101  103  104  104  100   95
   89   84   82   82   83   82   78   73   67   65   65   69   73   78   84   87
   90   90   89   87   87   86   85   84   81   80   78   77   74   69   64   63
   64   68   76   84   93  102  109  117  124  130  130  129  129  134  145  160
  174  183  186  188  189  189  186  178  164
    22.5-180.0 180.0   5.0 450.0                            LAT/LON1/LON2/DLON/H
  189  169  149  132  119  110  106  103  102  100  101  103  103  103  101   97
   91   84   79   78   77   76   73   70   68   68   70   75   81   88   94   98
  100   98   95   92   89   86   84   81   78   74   71   68   64   59   54   53
   56   62   71   81   93  104  114  124  134  141  144  144  146  152  165  184
  201  210  214  214  216  215  211  203  189
    20.0-180.0 180.0   5.0 450.0                            LAT/LON1/LON2/DLON/H
  213  196  177  159  143  128  118  112  108  105  104  102  102  101   99   96
   91   84   79   74   73   71   71   71   73   75   79   84   89   96  102  107
  108  105  100   94   89   84   80   76   72   66   62   58   54   49   45   46
   49   58   69   82   96  109  121  133  145  155  161  164  166  173  186  205
  223  233  235  237  237  237  234  226  213
    17.5-180.0 180.0   5.0 450.0                            LAT/LON1/LON2/DLON/H
  236  223  206  190  171  151  136  125  118  113  109  105  102   99   97   95
   90   84   79   74   70   70   72   76   81   86   90   93   97  102  108  112
  113  109  102   94   86   80   74   69   64   59   53   49   46   41   40   41
   46   56   69   85  101  116  129  143  157  169  179  184  188  194  206  223
  238  247  249  250  252  253  250  245  236
    15.0-180.0 180.0   5.0 450.0                            LAT/LON1/LON2/DLON/H
  253  245  235  220  200  177  156  141  130  123  117  110  104   98   95   93
   90   85   80   75   71   71   76   84   92   98  100  101  102  106  110  113
  113  109  102   93   83   74   68   63   58   52   47   43   40   38   37   40
   46   57   72   89  106  122  138  152  167  181  193  201  207  213  222  235
  247  253  253  255  258  260  260  257  253
    12.5-180.0 180.0   5.0 450.0                            LAT/LON1/LON2/DLON/H
  264  263  259  248  228  202  178  158  145  137  129  119  109  100   95   91
   89   86   83   78   75   75   82   93  102  108  109  107  105  106  109  110
  110  106   99   90   79   69   63   58   54   49   44   42   41   40   40   42
   48   60   76   94  112  130  145  160  175  190  204  214  221  226  233  242
  249  251  252  253  257  260  261  263  264
    10.0-180.0 180.0   5.0 450.0                            LAT/LON1/LON2/DLON/H
  271  276  276  269  251  226  199  176  161  151  143  131  117  105   96   91
   89   87   87   84   81   83   90  100  111  116  114  108  104  103  105  105
  105  102   96   87   75   66   59   56   53   49   47   46   46   45   45   46
   52   64   80   98  117  134  150  166  180  195  209  220  228  234  239  244
  247  247  247  249  253  256  260  264  271
     7.5-180.0 180.0   5.0 450.0                            LAT/LON1/LON2/DLON/H
  274  283  289  285  270  246  219  195  178  166  156  144  128  112  100   92
   88   88   90   91   90   91   98  107  115  119  116  108  102  100  100  101
   99   97   93   85   73   64   59   57   55   53   52   53   54   53   52   52
   58   68   83  101  119  138  154  168  181  195  208  220  229  236  241  244
  244  243  243  245  249  253  257  263  274
     5.0-180.0 180.0   5.0 450.0                            LAT/LON1/LON2/DLON/H
  276  289  297  297  286  265  239  214  194  180  170  157  139  121  107   96
   90   91   95   98   99  100  104  111  117  119  115  107  102  100   99   97
   96   94   91   84   73   64   61   60   59   58   59   61   62   62   60   59
   62   71   85  102  120  138  155  168  180  192  204  215  226  236  241  244
  243  242  243  246  251  254  257  264  276
     2.5-180.0 180.0   5.0 450.0                            LAT/LON1/LON2/DLON/H
  278  292  303  306  298  281  257  231  208  193  182  168  151  133  116  103
   96   95  100  105  108  109  110  113  117  118  115  109  104  101  100   97
   95   92   90   83   74   66   63   64   64   63   64   67   70   69   66   64
   66   74   86  101  120  138  154  167  177  187  197  209  221  233  242  246
  246  246  248  253  257  259  261  266  278
