Gnsser/Gnsser.Winform/bin/Debug/Data/IgsProduct/igsg0010.18i
     1.0            IONOSPHERE MAPS     MIX                 IONEX VERSION / TYPE
cmpcmb v1.2          GRL/UWM            18-jan-18 12:37     PGM / RUN BY / DATE 
ionex file containing IGS COMBINED Ionosphere maps          COMMENT             
global ionosphere maps for day 001, 2018                    DESCRIPTION         
IONEX file containing the COMBINED IGS TEC MAPS and DCBs    DESCRIPTION         
      IONEX files of the following IAACs were combined: cod DESCRIPTION         
                                                        jpl DESCRIPTION         
Contact address: Andrzej Krankowski                         DESCRIPTION
                 Geodynamics Research Laboratory            DESCRIPTION
                 University of Warmia and Mazury (GRL/UWM)  DESCRIPTION
                 Oczapowski St. 1                           DESCRIPTION
                 10-957-Olsztyn, POLAND                     DESCRIPTION
                 e-mail:  kand@uwm.edu.pl                   DESCRIPTION
                                                            DESCRIPTION         
  2018     1     1     0     0     0                        EPOCH OF FIRST MAP  
  2018     1     2     0     0     0                        EPOCH OF LAST MAP   
  7200                                                      INTERVAL            
    13                                                      # OF MAPS IN FILE   
  COSZ                                                      MAPPING FUNCTION    
     0.0                                                    ELEVATION CUTOFF    
combined TEC calculated as weighted mean of input TEC valuesOBSERVABLES USED    
   326                                                      # OF STATIONS       
    32                                                      # OF SATELLITES     
  6371.0                                                    BASE RADIUS         
     2                                                      MAP DIMENSION       
   450.0 450.0   0.0                                        HGT1 / HGT2 / DHGT  
    87.5 -87.5  -2.5                                        LAT1 / LAT2 / DLAT  
  -180.0 180.0   5.0                                        LON1 / LON2 / DLON  
    -1                                                      EXPONENT            
TEC values in 0.1 tec units;  9999, if no value available   COMMENT             
DCB values in nanoseconds, reference is Sum_of_SatDCBs = 0  COMMENT             
                                                            END OF HEADER       
     1                                                      START OF TEC MAP    
  2018     1     1     0     0     0                        EPOCH OF CURRENT MAP
    87.5-180.0 180.0   5.0 450.0                            LAT/LON1/LON2/DLON/H
   45   46   46   45   45   45   44   44   44   43   43   42   42   41   40   39
   38   37   37   36   35   34   33   32   31   31   30   30   29   28   27   27
   27   26   26   26   26   27   27   27   27   28   28   29   29   30   31   31
   32   33   34   34   35   36   36   37   38   39   40   41   41   42   42   43
   43   44   44   44   45   45   45   45   45
    85.0-180.0 180.0   5.0 450.0                            LAT/LON1/LON2/DLON/H
   51   51   52   51   51   51   51   50   49   49   48   47   46   44   43   42
   40   39   37   35   33   32   30   28   26   25   24   22   21   21   20   19
   18   18   18   18   18   19   19   20   20   21   22   23   24   26   27   28
   30   31   32   34   35   36   38   39   40   41   42   43   44   45   46   46
   47   48   49   50   50   51   51   51   51
    82.5-180.0 180.0   5.0 450.0                            LAT/LON1/LON2/DLON/H
   53   54   54   55   55   55   54   54   54   53   51   50   49   47   45   43
   41   39   37   34   31   29   27   25   23   21   19   18   17   15   14   14
   13   13   13   13   13   14   15   16   17   18   19   21   23   24   26   28
   29   31   33   35   36   38   39   40   41   42   44   44   45   46   47   47
   48   49   49   50   51   52   52   53   53
    80.0-180.0 180.0   5.0 450.0                            LAT/LON1/LON2/DLON/H
   52   53   55   55   56   56   57   56   56   55   54   52   50   47   45   43
   41   38   35   33   30   28   26   23   21   20   18   16   15   14   13   13
   12   12   12   13   13   14   15   16   17   18   20   22   23   25   27   30
   31   33   35   36   38   39   40   40   41   41   42   42   43   44   44   45
   45   46   46   47   48   49   50   51   52
    77.5-180.0 180.0   5.0 450.0                            LAT/LON1/LON2/DLON/H
   49   51   53   55   56   57   58   57   56   55   54   52   49   47   44   42
   39   37   34   32   30   27   25   23   22   20   18   17   16   15   15   15
   15   15   16   16   17   18   19   19   21   22   23   25   27   29   31   32
   34   35   37   38   39   40   40   40   39   39   39   39   39   39   39   39
   39   39   40   41   42   44   46   47   49
    75.0-180.0 180.0   5.0 450.0                            LAT/LON1/LON2/DLON/H
   48   51   53   56   58   59   59   59   57   54   52   49   46   44   41   38
   37   35   33   32   30   28   26   25   23   22   20   20   20   19   19   19
   19   20   21   22   23   23   24   25   26   27   28   29   30   32   34   35
   37   38   38   39   39   39   39   38   37   36   35   34   33   32   32   31
   31   32   33   34   36   38   41   44   48
    72.5-180.0 180.0   5.0 450.0                            LAT/LON1/LON2/DLON/H
   48   52   57   59   61   62   62   60   57   54   50   46   43   40   38   37
   35   34   32   32   30   29   27   27   26   25   25   24   24   24   24   24
   25   26   26   27   28   29   29   30   30   31   31   32   34   35   36   38
   39   39   39   39   38   37   36   34   33   31   30   28   27   26   25   25
   25   25   27   28   31   35   39   43   48
    70.0-180.0 180.0   5.0 450.0                            LAT/LON1/LON2/DLON/H
   52   58   62   66   68   68   66   63   59   54   48   44   40   38   37   36
   35   34   33   32   31   30   29   28   28   28   27   27   28   28   28   29
   29   30   30   31   31   32   31   31   31   31   32   33   34   36   37   38
   38   39   38   37   36   35   33   31   29   27   25   23   22   21   20   21
   21   22   24   27   31   35   41   46   52
    67.5-180.0 180.0   5.0 450.0                            LAT/LON1/LON2/DLON/H
   60   66   71   75   77   76   73   68   62   55   49   44   40   38   36   35
   36   35   34   33   32   31   30   29   29   28   29   29   30   30   31   31
   31   31   32   32   31   31   30   29   28   29   29   30   33   34   35   36
   36   36   35   35   33   31   30   28   25   23   21   20   19   19   20   20
   22   24   27   30   34   40   46   53   60
    65.0-180.0 180.0   5.0 450.0                            LAT/LON1/LON2/DLON/H
   71   77   82   86   86   84   80   74   66   59   52   46   42   40   38   38
   37   36   35   33   32   30   28   27   27   27   28   28   29   30   30   31
   31   31   30   30   29   28   26   24   24   24   25   27   29   31   32   32
   33   33   32   31   30   29   27   26   24   22   20   19   20   21   23   26
   28   31   35   39   44   50   56   63   71
    62.5-180.0 180.0   5.0 450.0                            LAT/LON1/LON2/DLON/H
   82   88   93   96   96   93   87   80   72   64   56   51   46   43   42   41
   40   38   36   34   31   28   26   24   24   24   25   26   28   28   29   29
   29   28   28   27   26   24   22   20   19   19   22   24   27   29   30   30
   30   29   28   28   27   27   26   25   24   22   21   21   23   25   29   34
   38   43   47   52   57   63   69   76   82
    60.0-180.0 180.0   5.0 450.0                            LAT/LON1/LON2/DLON/H
   92   97  101  103  103  100   93   86   77   69   62   56   52   49   47   45
   43   40   37   33   29   25   22   20   20   21   22   24   26   27   27   27
   27   26   25   25   24   22   19   17   17   18   21   24   27   29   29   29
   27   26   26   26   27   27   27   26   26   24   24   25   27   31   37   44
   50   57   62   67   72   77   81   87   92
    57.5-180.0 180.0   5.0 450.0                            LAT/LON1/LON2/DLON/H
  100  104  107  109  108  104   98   91   82   74   67   62   57   54   52   48
   45   41   37   31   26   22   18   16   17   18   21   23   26   27   27   26
   26   25   25   25   24   23   21   19   19   21   24   28   32   33   32   30
   28   27   27   27   28   29   30   29   28   28   27   29   32   37   44   53
   61   69   76   81   86   90   93   97  100
    55.0-180.0 180.0   5.0 450.0                            LAT/LON1/LON2/DLON/H
  106  109  111  113  111  108  102   95   87   80   73   68   63   60   56   52
   47   42   37   30   24   19   16   14   15   19   23   26   29   29   28   28
   27   26   27   28   28   27   26   26   26   29   33   36   39   39   37   34
   32   31   30   31   33   34   35   34   33   32   32   33   37   43   51   60
   69   78   86   93   97  100  101  103  106
    52.5-180.0 180.0   5.0 450.0                            LAT/LON1/LON2/DLON/H
  109  111  114  115  115  112  107   99   92   85   79   74   69   65   60   55
   49   43   37   31   24   19   16   15   18   23   27   31   34   34   33   32
   30   30   31   33   34   35   36   36   37   40   43   47   48   48   45   41
   38   37   38   39   41   41   41   40   39   38   38   39   42   48   55   64
   73   83   92   99  104  106  107  108  109
    50.0-180.0 180.0   5.0 450.0                            LAT/LON1/LON2/DLON/H
  112  114  116  119  120  118  113  106   99   92   86   80   75   70   65   59
   52   45   39   32   26   22   20   21   24   30   36   40   42   41   40   37
   36   37   37   40   42   44   46   47   49   51   54   57   57   56   53   50
   47   47   48   49   50   50   49   47   45   44   44   45   47   52   58   66
   74   83   92  100  106  109  111  111  112
    47.5-180.0 180.0   5.0 450.0                            LAT/LON1/LON2/DLON/H
  114  117  121  124  126  125  120  114  107  100   94   88   82   76   70   63
   56   49   43   37   32   28   27   29   35   41   47   51   51   50   48   45
   44   44   45   47   50   53   55   57   59   61   63   64   64   63   61   58
   57   57   58   60   60   59   57   54   52   51   50   51   53   56   60   66
   72   80   90   98  105  109  112  112  114
    45.0-180.0 180.0   5.0 450.0                            LAT/LON1/LON2/DLON/H
  116  120  125  130  133  133  128  122  116  109  103   97   90   83   77   69
   62   55   49   44   41   39   40   43   48   53   59   62   61   59   55   53
   51   50   51   53   56   59   61   64   66   67   69   69   69   68   67   66
   65   66   68   69   69   66   63   60   58   57   58   59   60   62   63   66
   70   77   86   95  102  107  111  112  116
    42.5-180.0 180.0   5.0 450.0                            LAT/LON1/LON2/DLON/H
  115  121  128  135  139  139  134  129  123  117  112  106   99   92   85   77
   69   63   57   54   53   53   55   58   63   67   71   72   69   66   62   59
   58   57   57   58   60   62   64   66   68   70   71   72   71   71   71   71
   72   73   75   76   74   72   68   65   64   64   66   67   68   68   68   68
   70   75   83   91   99  105  109  112  115
    40.0-180.0 180.0   5.0 450.0                            LAT/LON1/LON2/DLON/H
  115  120  129  136  140  140  137  131  128  124  120  114  107  101   95   87
   78   71   67   65   66   68   71   74   78   79   80   79   75   71   67   64
   63   61   61   60   60   61   63   66   69   71   72   72   72   72   73   74
   75   76   78   79   77   74   70   68   68   70   73   75   76   76   74   72
   73   76   82   90   98  104  107  111  115
    37.5-180.0 180.0   5.0 450.0                            LAT/LON1/LON2/DLON/H
  112  118  126  133  138  136  133  129  128  128  126  121  115  109  104   96
   88   80   76   75   78   82   86   89   89   89   88   84   79   74   70   68
   67   65   63   61   60   61   62   64   68   70   72   72   72   73   74   76
   76   77   78   78   76   74   71   70   71   75   79   82   84   83   81   79
   78   81   86   93  100  104  107  109  112
    35.0-180.0 180.0   5.0 450.0                            LAT/LON1/LON2/DLON/H
  110  114  122  128  131  128  125  123  125  128  128  125  121  117  113  106
   97   88   83   84   87   93   97   98   98   96   92   86   80   75   72   71
   70   69   66   63   61   60   61   64   68   71   72   72   72   73   74   75
   75   75   75   75   74   72   71   71   74   79   83   88   91   91   89   88
   87   89   94  101  107  110  110  109  110
    32.5-180.0 180.0   5.0 450.0                            LAT/LON1/LON2/DLON/H
  113  115  118  122  123  118  114  113  118  124  127  126  123  121  120  114
  104   95   88   88   92   99  102  102  100   96   91   86   80   76   74   73
   73   72   69   66   63   62   63   66   70   73   74   73   73   74   75   74
   72   71   69   70   69   69   69   71   75   81   87   92   96   98   98   99
   99  103  108  114  119  120  118  115  113
    30.0-180.0 180.0   5.0 450.0                            LAT/LON1/LON2/DLON/H
  126  123  122  121  118  111  105  105  111  119  124  124  123  124  124  119
  110   98   90   89   93   99  101  100   97   94   90   85   80   77   76   76
   76   75   73   71   68   67   67   70   74   75   75   74   73   73   73   72
   69   65   64   64   65   66   67   70   75   82   88   95  100  104  107  110
  114  119  125  133  137  139  136  131  126
    27.5-180.0 180.0   5.0 450.0                            LAT/LON1/LON2/DLON/H
  151  144  138  132  123  112  103  101  107  116  121  121  121  123  125  122
  112  100   91   88   91   96   97   95   91   89   88   85   82   79   79   79
   79   80   80   78   76   74   73   75   77   78   75   73   71   71   71   69
   65   60   58   58   60   62   65   69   75   82   88   95  102  109  115  122
  129  137  146  154  160  164  163  158  151
    25.0-180.0 180.0   5.0 450.0                            LAT/LON1/LON2/DLON/H
  190  179  167  155  141  126  113  107  110  117  120  119  117  119  122  120
  111   99   89   85   87   90   91   88   85   86   88   88   86   85   84   84
   84   85   86   85   84   81   79   79   79   78   74   70   68   68   68   65
   60   55   53   53   55   59   62   67   74   80   87   95  104  113  123  134
  145  156  166  176  185  193  198  197  190
    22.5-180.0 180.0   5.0 450.0                            LAT/LON1/LON2/DLON/H
  235  224  208  192  174  155  138  127  124  125  124  119  114  114  117  116
  108   96   86   83   83   85   84   81   82   86   92   94   94   93   90   89
   88   89   90   92   90   86   83   80   78   75   69   64   61   60   61   59
   55   49   48   49   51   55   60   66   73   80   87   95  105  117  131  146
  159  172  185  195  208  222  234  238  235
    20.0-180.0 180.0   5.0 450.0                            LAT/LON1/LON2/DLON/H
  278  269  253  236  218  199  178  161  150  143  135  125  115  111  112  110
  103   92   83   81   81   82   80   78   82   90   99  104  105  102   99   95
   93   92   94   96   93   88   82   77   73   69   62   55   51   52   53   53
   49   45   43   45   48   51   57   64   72   80   87   95  107  122  139  156
  173  187  200  211  225  244  264  276  278
    17.5-180.0 180.0   5.0 450.0                            LAT/LON1/LON2/DLON/H
  310  306  293  278  265  249  228  206  187  171  154  137  122  113  110  107
   99   89   83   81   81   81   80   81   86   98  110  115  115  111  106  101
   96   95   95   96   94   87   79   72   67   61   53   46   41   42   46   46
   44   41   40   42   45   48   54   62   73   82   88   97  109  126  146  166
  184  198  210  221  236  258  283  302  310
    15.0-180.0 180.0   5.0 450.0                            LAT/LON1/LON2/DLON/H
  323  325  317  309  304  294  277  255  230  206  182  158  136  121  113  107
   98   89   84   82   83   83   84   87   95  108  120  125  123  119  113  106
  100   96   96   96   92   83   74   66   59   53   45   38   34   35   38   41
   41   38   38   39   42   46   52   63   75   85   91   99  112  130  153  175
  193  206  216  225  238  259  285  309  323
    12.5-180.0 180.0   5.0 450.0                            LAT/LON1/LON2/DLON/H
  315  322  322  323  327  326  316  296  270  242  213  185  158  138  123  113
  102   92   86   86   86   88   91   97  107  120  130  132  129  123  117  110
  103   98   95   93   88   79   69   60   54   47   40   33   29   30   34   38
   38   37   37   38   40   44   52   64   78   88   96  103  116  136  159  182
  199  211  219  226  236  253  276  298  315
    10.0-180.0 180.0   5.0 450.0                            LAT/LON1/LON2/DLON/H
  293  302  308  316  328  336  336  323  301  272  243  213  184  160  140  124
  110   98   91   90   92   95  101  110  120  130  135  134  129  125  120  114
  107  102   96   92   85   77   67   58   51   46   39   32   27   28   33   37
   38   37   37   38   39   44   52   67   83   94  100  108  120  140  164  187
  203  213  219  224  230  242  259  277  293
     7.5-180.0 180.0   5.0 450.0                            LAT/LON1/LON2/DLON/H
  265  274  283  294  310  325  334  331  316  292  266  240  212  183  159  139
  122  108   99   96   97  103  114  125  134  139  138  132  127  124  121  117
  112  105   99   92   85   77   68   59   52   47   42   35   31   31   35   39
   40   39   38   39   40   45   55   71   87   99  105  112  124  144  167  189
  204  213  219  222  227  232  242  254  265
     5.0-180.0 180.0   5.0 450.0                            LAT/LON1/LON2/DLON/H
  242  249  257  269  283  301  315  321  314  299  282  260  235  207  180  156
  136  119  108  102  103  112  126  139  146  146  138  128  123  121  122  121
  118  111  103   95   88   80   71   63   56   51   46   41   37   36   39   42
   43   41   40   41   43   49   59   76   92  103  109  115  127  146  169  188
  202  211  217  222  225  228  232  236  242
     2.5-180.0 180.0   5.0 450.0                            LAT/LON1/LON2/DLON/H
  234  238  243  250  261  276  293  304  303  296  287  274  254  227  199  173
  150  131  117  110  111  122  138  151  156  150  137  124  119  120  124  126
  123  117  108  100   93   85   77   67   60   56   52   47   44   43   45   46
   46   44   43   43   46   52   64   80   96  106  112  118  130  148  169  187
  199  207  215  222  228  230  232  232  234
