Gnsser/Gnsser.Winform/bin/Debug/Data/IgsProduct/igsg0010.13i
     1.0            IONOSPHERE MAPS     MIX                 IONEX VERSION / TYPE
cmpcmb v1.2          GRL/UWM            15-jan-13 16:42     PGM / RUN BY / DATE 
ionex file containing IGS COMBINED Ionosphere maps          COMMENT             
global ionosphere maps for day 001, 2013                    DESCRIPTION         
IONEX file containing the COMBINED IGS TEC MAPS and DCBs    DESCRIPTION         
      IONEX files of the following IAACs were combined: cod DESCRIPTION         
                                                        esa DESCRIPTION         
                                                        jpl DESCRIPTION         
                                                        upc DESCRIPTION         
Contact address: Andrzej Krankowski                         DESCRIPTION
                 Geodynamics Research Laboratory            DESCRIPTION
                 University of Warmia and Mazury (GRL/UWM)  DESCRIPTION
                 Oczapowski St. 1                           DESCRIPTION
                 10-957-Olsztyn, POLAND                     DESCRIPTION
                 e-mail:  kand@uwm.edu.pl                   DESCRIPTION
                                                            DESCRIPTION         
  2013     1     1     0     0     0                        EPOCH OF FIRST MAP  
  2013     1     2     0     0     0                        EPOCH OF LAST MAP   
  7200                                                      INTERVAL            
    13                                                      # OF MAPS IN FILE   
  COSZ                                                      MAPPING FUNCTION    
     0.0                                                    ELEVATION CUTOFF    
combined TEC calculated as weighted mean of input TEC valuesOBSERVABLES USED    
   422                                                      # OF STATIONS       
    32                                                      # OF SATELLITES     
  6371.0                                                    BASE RADIUS         
     2                                                      MAP DIMENSION       
   450.0 450.0   0.0                                        HGT1 / HGT2 / DHGT  
    87.5 -87.5  -2.5                                        LAT1 / LAT2 / DLAT  
  -180.0 180.0   5.0                                        LON1 / LON2 / DLON  
    -1                                                      EXPONENT            
TEC values in 0.1 tec units;  9999, if no value available   COMMENT             
DCB values in nanoseconds, reference is Sum_of_SatDCBs = 0  COMMENT             
                                                            END OF HEADER       
[from data line 858]
     3                                                      START OF TEC MAP    
  2013     1     1     4     0     0                        EPOCH OF CURRENT MAP
    87.5-180.0 180.0   5.0 450.0                            LAT/LON1/LON2/DLON/H
   28   28   28   28   29   28   28   28   29   29   29   28   28   28   28   28
   28   28   28   28   28   28   28   28   28   28   28   28   28   28   28   29
   29   29   29   29   29   29   29   29   29   29   29   29   28   28   29   28
   28   28   28   28   28   27   27   27   27   27   27   27   27   27   27   27
   27   27   27   27   27   27   28   28   28
    85.0-180.0 180.0   5.0 450.0                            LAT/LON1/LON2/DLON/H
   28   29   29   29   29   29   29   29   29   29   30   30   29   29   28   28
   28   27   27   27   26   26   26   26   26   26   26   27   27   28   28   29
   30   30   31   31   31   32   31   32   31   31   31   30   30   29   28   28
   27   27   26   26   26   26   26   26   25   25   25   25   26   26   26   26
   26   27   27   27   28   28   28   28   28
    82.5-180.0 180.0   5.0 450.0                            LAT/LON1/LON2/DLON/H
   29   29   30   30   30   31   31   31   31   31   31   31   30   30   29   28
   27   26   25   24   23   22   22   21   21   21   22   23   24   25   26   28
   29   31   31   33   33   34   35   35   34   33   33   32   31   30   29   27
   27   26   25   25   25   25   25   25   25   26   26   27   27   28   28   28
   29   29   29   29   29   29   29   29   29
    80.0-180.0 180.0   5.0 450.0                            LAT/LON1/LON2/DLON/H
   31   31   31   31   31   31   31   31   32   32   32   31   31   30   28   27
   26   24   22   21   19   18   17   16   16   16   17   18   20   22   23   26
   28   30   32   33   35   36   36   36   36   35   34   33   32   30   28   27
   26   25   25   25   25   26   27   28   29   31   32   33   34   35   35   35
   35   35   34   33   33   32   31   31   31
    77.5-180.0 180.0   5.0 450.0                            LAT/LON1/LON2/DLON/H
   34   34   33   32   31   31   31   32   32   33   32   32   32   31   30   28
   27   25   22   20   17   16   13   14   14   13   14   15   17   19   21   24
   27   29   32   34   36   37   37   37   37   37   35   33   31   29   28   26
   26   25   25   27   29   31   33   36   38   40   42   44   45   47   47   47
   46   45   44   43   41   39   37   36   34
    75.0-180.0 180.0   5.0 450.0                            LAT/LON1/LON2/DLON/H
   40   38   36   34   32   32   31   31   32   32   32   32   32   31   30   29
   27   25   22   20   18   16   15   14   14   14   14   14   16   18   21   23
   27   29   32   35   37   38   39   38   37   35   34   33   31   28   27   26
   26   27   29   32   35   39   43   47   50   54   57   59   61   63   62   62
   61   59   57   54   51   48   45   42   40
    72.5-180.0 180.0   5.0 450.0                            LAT/LON1/LON2/DLON/H
   47   43   40   37   35   33   32   31   31   31   31   32   31   31   30   28
   27   25   24   22   21   18   18   16   16   15   15   16   17   19   22   25
   28   31   33   35   37   38   38   37   36   34   32   30   28   27   26   26
   28   30   34   39   44   49   54   60   65   70   73   77   79   79   79   79
   77   74   71   67   63   59   55   50   47
    70.0-180.0 180.0   5.0 450.0                            LAT/LON1/LON2/DLON/H
   54   50   45   41   38   35   33   31   31   30   30   30   29   30   28   27
   26   26   25   25   23   22   21   20   19   18   19   19   21   22   24   27
   30   33   35   36   38   38   36   35   34   31   29   27   26   25   26   28
   31   36   41   47   54   61   67   74   79   83   88   91   93   95   94   93
   91   88   84   80   75   70   65   60   54
    67.5-180.0 180.0   5.0 450.0                            LAT/LON1/LON2/DLON/H
   63   58   52   47   43   38   35   32   30   29   28   27   26   26   25   25
   25   25   26   26   25   26   25   25   24   24   24   23   24   25   27   29
   32   35   37   37   37   36   34   32   31   29   27   25   25   25   27   31
   36   42   50   57   64   73   79   85   90   93   98  101  104  105  105  104
  103   99   95   91   85   80   75   69   63
    65.0-180.0 180.0   5.0 450.0                            LAT/LON1/LON2/DLON/H
   71   65   59   53   47   42   38   33   30   28   26   24   23   22   22   21
   22   23   24   26   27   28   28   28   28   28   28   28   28   29   30   32
   34   36   37   38   37   35   33   30   29   28   27   26   26   28   31   36
   42   50   58   67   75   83   88   93   97  101  104  108  110  111  111  111
  110  107  103   98   94   88   82   77   71
    62.5-180.0 180.0   5.0 450.0                            LAT/LON1/LON2/DLON/H
   77   72   66   59   52   46   40   34   31   28   25   23   21   20   19   18
   18   20   23   25   26   27   28   28   29   30   29   30   30   30   32   34
   35   36   37   37   36   35   33   32   31   30   30   30   30   32   35   40
   47   56   66   75   84   91   96  101  104  106  109  111  113  115  115  116
  115  113  109  106  100   95   88   83   77
    60.0-180.0 180.0   5.0 450.0                            LAT/LON1/LON2/DLON/H
   82   77   71   64   56   49   42   36   31   28   25   22   20   18   17   17
   17   18   21   22   23   24   25   26   27   28   29   30   31   32   33   35
   36   38   39   38   38   37   36   36   36   37   36   35   35   37   39   44
   52   62   72   83   93  100  105  108  110  111  113  114  117  118  120  121
  120  119  116  111  106   99   93   87   82
    57.5-180.0 180.0   5.0 450.0                            LAT/LON1/LON2/DLON/H
   87   81   76   68   60   52   44   38   33   29   26   23   22   19   17   17
   17   17   19   20   19   20   21   22   24   26   28   30   31   33   34   37
   39   39   40   41   41   41   41   42   43   44   43   42   40   41   44   49
   57   69   80   92  101  109  114  116  118  118  119  120  122  124  126  128
  128  127  124  119  114  106   99   92   87
    55.0-180.0 180.0   5.0 450.0                            LAT/LON1/LON2/DLON/H
   92   86   80   73   64   55   46   40   35   31   28   26   24   22   21   19
   19   18   19   18   17   17   18   20   22   25   29   32   33   35   37   39
   41   41   42   43   44   45   46   48   50   51   50   48   46   45   47   54
   64   75   89  100  111  119  124  127  128  128  130  131  132  134  136  137
  138  137  134  129  123  116  107   99   92
    52.5-180.0 180.0   5.0 450.0                            LAT/LON1/LON2/DLON/H
   99   92   85   77   68   59   50   42   38   35   33   31   29   27   26   24
   23   23   21   20   19   19   18   20   23   29   33   37   38   39   40   42
   43   44   45   45   46   48   50   53   56   57   56   53   51   50   52   59
   68   82   96  108  121  130  135  139  141  142  143  144  145  147  148  149
  148  147  144  140  135  126  116  107   99
    50.0-180.0 180.0   5.0 450.0                            LAT/LON1/LON2/DLON/H
  107   99   91   83   74   64   54   48   43   41   39   37   35   34   32   31
   31   30   29   27   24   23   22   25   30   36   41   45   46   46   46   45
   46   47   48   49   49   51   54   58   61   62   61   59   56   55   58   64
   75   89  103  117  130  139  146  151  155  157  158  158  158  158  158  158
  157  155  153  150  145  137  127  116  107
    47.5-180.0 180.0   5.0 450.0                            LAT/LON1/LON2/DLON/H
  116  107   99   90   81   71   61   54   50   48   48   46   44   42   40   39
   40   40   39   37   34   33   33   36   41   48   53   57   57   55   51   49
   49   50   51   51   52   55   58   62   65   66   66   64   61   61   64   72
   85   98  112  125  138  148  155  162  166  168  169  168  166  165  164  163
  162  161  159  157  154  147  139  127  116
    45.0-180.0 180.0   5.0 450.0                            LAT/LON1/LON2/DLON/H
  125  114  106   98   89   78   69   62   59   58   59   58   55   52   49   48
   49   51   51   50   48   48   49   52   57   62   67   69   66   62   57   54
   53   53   54   55   57   60   63   66   68   70   70   69   68   69   73   83
   96  108  121  133  144  154  161  169  173  175  174  172  169  166  164  162
  162  161  160  160  158  154  148  136  125
    42.5-180.0 180.0   5.0 450.0                            LAT/LON1/LON2/DLON/H
  131  120  112  105   96   86   77   70   67   69   71   71   68   64   60   59
   60   63   64   65   64   64   66   69   73   77   80   80   74   68   62   59
   57   58   59   60   62   65   67   69   71   73   74   74   75   78   84   95
  107  120  131  141  150  158  165  171  175  176  174  171  166  162  158  156
  156  157  157  159  160  157  152  141  131
    40.0-180.0 180.0   5.0 450.0                            LAT/LON1/LON2/DLON/H
  134  125  116  109  102   93   84   76   75   78   83   85   83   78   74   72
   73   76   78   80   80   81   83   85   87   89   89   87   81   73   67   64
   63   63   64   66   68   70   71   72   74   75   76   78   81   86   96  107
  120  132  140  148  154  160  166  171  175  175  173  168  161  156  152  150
  150  151  153  156  159  158  154  145  134
    37.5-180.0 180.0   5.0 450.0                            LAT/LON1/LON2/DLON/H
  136  124  117  111  105   96   88   81   81   87   95   99   98   95   90   87
   87   90   92   95   95   96   96   96   96   96   94   91   84   78   73   70
   68   69   71   73   74   75   75   75   75   77   79   82   87   94  106  119
  133  143  149  153  158  163  168  174  177  177  175  168  162  156  152  150
  151  152  155  158  160  160  155  147  136
    35.0-180.0 180.0   5.0 450.0                            LAT/LON1/LON2/DLON/H
  135  123  114  109  104   97   89   83   84   93  104  112  115  113  108  104
  103  104  106  108  108  108  106  103  100   98   95   91   86   81   78   75
   75   75   77   78   80   80   79   77   76   78   80   85   91  101  115  130
  143  153  158  161  165  171  178  185  188  188  186  180  175  169  165  164
  165  167  169  170  171  167  160  148  135
    32.5-180.0 180.0   5.0 450.0                            LAT/LON1/LON2/DLON/H
  137  123  112  105  100   94   87   82   84   94  107  120  128  130  126  122
  119  118  119  119  118  116  111  104   99   95   91   88   86   84   84   82
   81   81   83   84   84   83   81   78   77   78   82   86   94  106  122  138
  151  161  168  172  178  188  198  207  213  215  215  211  208  202  199  199
  200  201  202  199  194  185  172  156  137
    30.0-180.0 180.0   5.0 450.0                            LAT/LON1/LON2/DLON/H
  148  128  114  103   96   90   82   77   79   90  103  120  134  141  141  137
  132  129  129  128  125  120  112  103   96   89   86   86   86   88   90   90
   89   88   88   87   86   84   80   77   76   78   82   87   96  110  127  144
  159  170  180  189  200  214  229  244  253  259  261  260  259  256  255  258
  257  257  253  245  235  218  198  175  148
    27.5-180.0 180.0   5.0 450.0                            LAT/LON1/LON2/DLON/H
  175  146  124  109   98   90   80   72   74   83   97  115  131  143  148  145
  141  138  135  133  128  120  110   99   92   86   84   85   89   94   97   98
   96   94   92   89   87   83   78   75   75   76   81   88   98  114  132  150
  167  183  197  213  230  249  270  291  305  316  323  325  328  328  329  335
  332  330  321  308  293  268  240  209  175
    25.0-180.0 180.0   5.0 450.0                            LAT/LON1/LON2/DLON/H
  217  180  149  127  110   97   83   72   69   76   90  107  123  137  145  146
  143  140  137  133  127  119  109   99   92   88   86   89   94  101  106  106
  104  100   96   91   86   81   76   72   72   74   79   87  100  116  137  159
  178  199  220  244  267  292  319  345  364  379  392  398  403  410  411  420
  416  413  399  383  358  328  295  258  217
    22.5-180.0 180.0   5.0 450.0                            LAT/LON1/LON2/DLON/H
  272  228  191  158  132  114   96   82   73   75   85   97  112  126  134  138
  137  135  132  128  124  117  110  103   98   96   94   98  104  110  115  114
  110  105   98   91   84   77   72   68   68   70   76   87  102  122  145  169
  192  218  246  276  305  332  364  395  420  439  454  463  473  478  480  490
  490  487  471  453  422  390  359  319  272
    20.0-180.0 180.0   5.0 450.0                            LAT/LON1/LON2/DLON/H
  333  289  244  201  167  143  120  101   85   79   82   90  100  111  120  125
  126  126  123  120  119  117  116  114  112  110  109  111  116  120  122  120
  115  107   99   90   81   74   68   64   63   65   73   86  105  128  154  182
  209  238  270  303  337  366  399  430  456  478  493  503  513  517  521  527
  530  528  517  504  479  452  419  381  333
    17.5-180.0 180.0   5.0 450.0                            LAT/LON1/LON2/DLON/H
  401  349  302  250  208  181  154  126  104   91   87   88   92  100  108  113
  115  115  112  112  115  120  125  129  130  128  127  125  126  128  127  122
  115  106   97   87   79   71   66   61   59   62   71   88  111  137  166  196
  227  261  295  326  359  390  421  446  468  488  503  513  522  527  531  535
  537  535  530  524  511  494  471  438  401
    15.0-180.0 180.0   5.0 450.0                            LAT/LON1/LON2/DLON/H
  457  411  358  307  257  219  186  156  128  109   99   95   95   98  102  105
  106  106  104  105  113  124  135  144  147  144  141  137  135  133  128  120
  111  101   93   84   76   70   64   60   58   60   71   91  118  147  179  211
  246  280  316  347  375  401  424  443  460  477  492  503  512  518  523  524
  521  520  519  519  516  510  501  484  457
    12.5-180.0 180.0   5.0 450.0                            LAT/LON1/LON2/DLON/H
  493  457  408  356  304  262  224  187  155  131  117  111  107  106  105  104
  103  103  103  106  116  130  145  155  159  156  150  145  140  135  126  116
  105   95   88   81   75   70   66   61   59   62   74   97  127  159  193  224
  260  298  331  359  382  402  416  428  441  455  468  480  491  498  501  500
  496  494  495  500  504  508  512  509  493
    10.0-180.0 180.0   5.0 450.0                            LAT/LON1/LON2/DLON/H
  509  482  439  391  344  302  260  218  183  156  140  133  128  124  118  112
  109  109  111  115  125  138  152  162  165  163  156  148  141  133  122  110
   98   89   84   80   77   74   70   67   64   67   81  106  136  170  202  237
  272  307  338  362  380  394  403  411  420  430  442  455  466  474  477  476
  472  470  473  481  487  499  513  518  509
     7.5-180.0 180.0   5.0 450.0                            LAT/LON1/LON2/DLON/H
  515  493  455  411  373  334  293  251  210  181  165  159  154  148  137  128
  124  124  128  132  139  149  159  165  165  163  154  145  138  130  118  104
   92   84   82   82   81   79   78   75   72   76   91  115  146  178  211  243
  277  310  338  358  374  386  392  398  405  412  422  435  447  457  462  461
  459  459  464  471  480  495  511  520  515
     5.0-180.0 180.0   5.0 450.0                            LAT/LON1/LON2/DLON/H
  520  499  464  426  394  361  323  277  234  203  188  184  181  176  161  150
  144  145  149  153  156  160  164  164  161  155  148  140  134  126  114  101
   89   83   84   86   88   88   88   85   83   87  101  125  153  184  214  245
  276  305  331  351  366  379  387  394  400  406  413  425  440  452  460  464
  464  467  472  478  486  500  514  525  520
     2.5-180.0 180.0   5.0 450.0                            LAT/LON1/LON2/DLON/H
  529  506  472  440  412  383  343  296  252  220  206  203  204  201  186  173
  165  167  170  173  173  171  168  161  154  145  138  133  129  122  112  100
   90   87   91   95   97   98   98   96   95   99  112  132  158  185  213  242
  270  297  322  342  360  376  387  397  404  410  416  428  445  460  471  479
  484  489  496  502  506  517  527  534  529
