Gnsser/Gnsser.Winform/bin/Debug/Data/IgsProduct/igsg0020.18i
     1.0            IONOSPHERE MAPS     MIX                 IONEX VERSION / TYPE
cmpcmb v1.2          GRL/UWM            18-jan-18 12:41     PGM / RUN BY / DATE 
ionex file containing IGS COMBINED Ionosphere maps          COMMENT             
global ionosphere maps for day 002, 2018                    DESCRIPTION         
IONEX file containing the COMBINED IGS TEC MAPS and DCBs    DESCRIPTION         
      IONEX files of the following IAACs were combined: cod DESCRIPTION         
                                                        jpl DESCRIPTION         
Contact address: Andrzej Krankowski                         DESCRIPTION
                 Geodynamics Research Laboratory            DESCRIPTION
                 University of Warmia and Mazury (GRL/UWM)  DESCRIPTION
                 Oczapowski St. 1                           DESCRIPTION
                 10-957-Olsztyn, POLAND                     DESCRIPTION
                 e-mail:  kand@uwm.edu.pl                   DESCRIPTION
                                                            DESCRIPTION         
  2018     1     2     0     0     0                        EPOCH OF FIRST MAP  
  2018     1     3     0     0     0                        EPOCH OF LAST MAP   
  7200                                                      INTERVAL            
    13                                                      # OF MAPS IN FILE   
  COSZ                                                      MAPPING FUNCTION    
     0.0                                                    ELEVATION CUTOFF    
combined TEC calculated as weighted mean of input TEC valuesOBSERVABLES USED    
   327                                                      # OF STATIONS       
    32                                                      # OF SATELLITES     
  6371.0                                                    BASE RADIUS         
     2                                                      MAP DIMENSION       
   450.0 450.0   0.0                                        HGT1 / HGT2 / DHGT  
    87.5 -87.5  -2.5                                        LAT1 / LAT2 / DLAT  
  -180.0 180.0   5.0                                        LON1 / LON2 / DLON  
    -1                                                      EXPONENT            
TEC values in 0.1 tec units;  9999, if no value available   COMMENT             
DCB values in nanoseconds, reference is Sum_of_SatDCBs = 0  COMMENT             
                                                            END OF HEADER       
[from data line 3432]
     9                                                      START OF TEC MAP    
  2018     1     2    16     0     0                        EPOCH OF CURRENT MAP
    87.5-180.0 180.0   5.0 450.0                            LAT/LON1/LON2/DLON/H
   18   18   18   18   18   17   17   17   17   16   16   16   15   15   15   15
   14   14   13   13   12   12   12   11   11   11   10   10    9    9    9    8
    8    8    8    8    8    8    8    8    8    9    9    9    9    9   10   10
   11   11   11   11   12   13   13   13   14   14   14   15   15   15   16   16
   16   17   17   17   17   17   18   18   18
    85.0-180.0 180.0   5.0 450.0                            LAT/LON1/LON2/DLON/H
   24   24   24   24   23   23   23   22   22   22   21   21   21   20   19   19
   18   18   17   16   15   15   14   13   12   11   10   10   10    9    8    8
    7    7    7    7    7    7    7    7    7    7    8    8    9    9   10   11
   12   12   13   14   15   15   16   17   17   18   19   19   20   21   21   22
   22   22   23   23   23   24   24   24   24
    82.5-180.0 180.0   5.0 450.0                            LAT/LON1/LON2/DLON/H
   29   29   28   29   28   28   28   28   27   27   26   26   26   25   25   24
   23   23   22   21   19   18   18   17   15   15   14   13   12   11   10    9
    9    8    8    8    8    8    8    8    8    9    9    9   10   11   12   13
   14   14   16   17   18   19   20   21   22   23   23   24   25   25   26   26
   27   27   28   28   28   28   28   29   29
    80.0-180.0 180.0   5.0 450.0                            LAT/LON1/LON2/DLON/H
   31   31   31   31   32   31   31   31   31   31   30   30   30   30   29   29
   28   27   26   26   25   24   23   22   21   20   19   18   17   16   14   13
   12   11   10    9    9    8    9    9    9   10   10   11   12   13   14   15
   16   18   19   20   22   23   24   25   26   27   27   28   28   29   29   30
   29   29   30   30   30   31   31   31   31
    77.5-180.0 180.0   5.0 450.0                            LAT/LON1/LON2/DLON/H
   31   32   32   32   32   32   33   32   33   33   33   33   33   33   33   32
   32   32   32   31   30   29   29   28   27   26   25   24   23   21   20   19
   17   16   15   13   12   11   10   10   10   11   11   12   13   14   15   16
   18   19   20   22   24   25   26   28   28   29   29   30   30   30   30   29
   29   29   29   29   30   30   30   31   31
    75.0-180.0 180.0   5.0 450.0                            LAT/LON1/LON2/DLON/H
   30   31   31   31   32   31   31   32   32   32   32   32   33   34   34   35
   35   36   36   35   35   35   34   33   33   32   31   30   29   28   26   25
   23   21   19   18   16   14   12   12   11   11   11   12   13   14   15   16
   17   18   19   21   23   25   26   28   29   30   30   30   30   29   28   27
   26   26   25   25   26   27   28   29   30
    72.5-180.0 180.0   5.0 450.0                            LAT/LON1/LON2/DLON/H
   27   28   29   30   29   29   29   28   28   28   29   30   31   32   34   35
   36   37   38   39   39   39   39   39   38   38   37   35   34   33   31   29
   27   26   23   20   18   16   14   12   11   11   11   12   12   12   13   13
   14   15   16   18   20   23   25   26   28   29   29   29   28   27   25   24
   22   21   20   20   20   22   24   25   27
    70.0-180.0 180.0   5.0 450.0                            LAT/LON1/LON2/DLON/H
   24   26   27   27   26   26   25   24   24   24   25   25   27   29   31   34
   36   37   39   42   43   44   44   44   44   43   41   40   38   37   34   32
   31   28   25   22   19   17   14   12   11   10   10   11   10   10   10   10
   10   10   11   13   16   19   21   24   25   27   27   27   26   25   23   21
   18   17   16   16   16   18   20   22   24
    67.5-180.0 180.0   5.0 450.0                            LAT/LON1/LON2/DLON/H
   22   24   24   24   23   22   21   20   19   19   19   20   22   25   28   31
   34   37   41   44   47   48   49   48   48   47   46   44   41   39   36   34
   32   29   26   22   19   16   13   11   10    9    9   10    9    9    9    8
    7    7    8    9   11   14   17   20   23   24   25   26   26   24   22   20
   18   16   15   14   15   17   19   20   22
    65.0-180.0 180.0   5.0 450.0                            LAT/LON1/LON2/DLON/H
   22   23   23   22   21   20   18   16   15   14   14   15   17   20   23   27
   32   37   42   47   51   53   54   54   52   51   49   47   45   42   39   36
   33   30   26   22   18   14   11    9    9    9   10   10   11   10    8    7
    6    6    6    7    9   11   14   18   20   22   24   26   26   26   25   23
   22   19   17   16   17   17   20   22   22
    62.5-180.0 180.0   5.0 450.0                            LAT/LON1/LON2/DLON/H
   25   25   25   23   21   19   17   14   12   11   11   12   14   17   21   26
   32   38   44   51   55   58   59   58   58   56   53   51   48   46   43   40
   37   33   29   24   19   14   11   10   10   11   12   13   14   13   12   10
    8    7    7    8    9   11   14   17   20   22   25   27   29   30   30   29
   28   26   24   23   22   22   23   24   25
    60.0-180.0 180.0   5.0 450.0                            LAT/LON1/LON2/DLON/H
   29   29   28   26   24   21   18   15   12   10   10   11   13   16   21   27
   34   41   48   54   60   63   65   65   63   61   59   57   54   52   49   46
   43   39   33   27   21   16   13   13   13   15   17   19   20   20   18   15
   13   11   10   10   11   13   15   18   21   24   27   29   32   34   36   37
   36   34   32   31   30   29   29   29   29
    57.5-180.0 180.0   5.0 450.0                            LAT/LON1/LON2/DLON/H
   35   34   33   32   29   26   22   18   14   12   11   12   15   19   24   30
   38   45   53   60   65   69   71   71   69   68   65   63   62   61   59   57
   52   47   41   34   27   22   19   19   22   24   27   29   29   29   27   24
   21   19   17   17   17   18   20   22   24   27   30   33   36   39   42   44
   43   43   41   40   38   37   36   35   35
    55.0-180.0 180.0   5.0 450.0                            LAT/LON1/LON2/DLON/H
   42   42   41   39   38   34   29   25   21   17   16   17   20   24   30   37
   44   52   59   66   71   75   77   78   77   75   73   72   72   72   71   68
   64   58   51   43   37   32   30   31   34   36   39   41   41   40   37   34
   31   28   27   26   26   27   28   29   30   32   34   37   40   44   47   48
   49   49   47   46   45   43   42   42   42
    52.5-180.0 180.0   5.0 450.0                            LAT/LON1/LON2/DLON/H
   49   50   50   49   47   44   39   34   29   26   24   24   27   32   38   44
   51   59   66   72   76   80   83   84   85   83   82   82   82   83   83   80
   76   70   62   54   48   45   43   46   48   51   53   54   53   51   48   44
   41   39   38   37   37   37   38   38   38   38   39   40   43   46   48   51
   52   52   51   50   49   49   49   49   49
    50.0-180.0 180.0   5.0 450.0                            LAT/LON1/LON2/DLON/H
   56   57   58   58   56   53   48   43   38   35   34   34   37   41   47   53
   59   66   72   77   82   85   89   92   92   91   90   90   92   93   93   90
   85   79   72   65   61   58   58   60   64   66   67   66   64   61   57   54
   52   50   49   49   48   48   48   47   45   44   44   44   45   48   49   51
   52   52   51   51   51   52   53   54   56
    47.5-180.0 180.0   5.0 450.0                            LAT/LON1/LON2/DLON/H
   60   62   64   64   63   61   57   52   48   45   45   46   48   52   56   62
   67   73   78   83   86   90   95   98  100   99   98   98   99  100   99   96
   91   85   80   75   72   71   72   74   77   78   78   76   73   69   65   63
   61   60   60   59   59   58   57   55   53   50   47   47   47   48   50   51
   51   51   50   50   52   53   56   58   60
    45.0-180.0 180.0   5.0 450.0                            LAT/LON1/LON2/DLON/H
   63   65   65   66   66   64   61   58   56   55   56   58   60   63   66   70
   74   79   84   88   91   95  100  105  107  106  104  103  103  102  101   97
   92   88   85   83   82   83   84   86   86   86   85   83   79   75   72   69
   68   68   68   67   67   65   63   61   58   54   51   49   49   50   51   51
   51   50   49   50   51   54   57   60   63
    42.5-180.0 180.0   5.0 450.0                            LAT/LON1/LON2/DLON/H
   63   64   65   65   65   63   62   61   61   64   67   70   72   74   76   78
   81   86   90   93   96  101  107  111  113  112  108  106  104  102   99   95
   91   89   89   89   90   92   93   93   92   90   88   86   82   79   76   74
   73   73   73   72   71   69   67   64   61   56   53   51   51   52   53   53
   52   50   48   48   50   54   57   60   63
    40.0-180.0 180.0   5.0 450.0                            LAT/LON1/LON2/DLON/H
   61   61   61   60   60   59   59   60   64   70   76   81   84   85   85   86
   88   92   95   99  102  108  114  118  119  116  112  107  103  100   95   92
   90   91   93   96   98   99   99   97   94   91   89   87   85   82   79   78
   77   76   75   74   72   70   68   65   62   58   55   53   53   54   56   56
   54   51   49   47   48   52   55   58   61
    37.5-180.0 180.0   5.0 450.0                            LAT/LON1/LON2/DLON/H
   57   57   56   54   53   53   54   56   63   73   82   90   94   95   95   94
   95   98  102  105  109  115  121  125  125  121  115  108  103   98   93   91
   91   95  100  105  108  108  105  100   95   91   89   87   86   84   82   80
   79   77   76   73   70   68   66   64   61   58   56   55   56   57   59   59
   56   53   50   47   48   50   53   56   57
    35.0-180.0 180.0   5.0 450.0                            LAT/LON1/LON2/DLON/H
   53   52   51   48   47   46   48   53   61   73   85   96  103  105  104  103
  104  107  110  113  117  122  129  132  131  126  118  111  104   99   95   95
   98  105  113  119  121  118  112  104   97   92   89   88   87   87   85   83
   81   78   75   71   68   66   64   63   61   59   58   57   58   60   62   61
   59   55   50   47   46   48   50   52   53
    32.5-180.0 180.0   5.0 450.0                            LAT/LON1/LON2/DLON/H
   49   47   46   43   42   42   44   49   59   72   87  100  109  113  113  113
  114  116  118  121  125  130  136  139  137  131  123  116  109  105  103  105
  112  122  132  137  138  133  124  113  102   96   93   91   91   90   88   86
   82   78   74   70   66   65   64   63   62   61   60   59   60   62   63   63
   60   55   50   46   45   45   47   48   49
    30.0-180.0 180.0   5.0 450.0                            LAT/LON1/LON2/DLON/H
   45   44   43   41   40   41   43   48   57   72   88  103  113  119  122  122
  124  126  127  130  133  139  143  145  142  136  129  123  119  116  117  122
  133  146  156  162  160  152  140  125  112  103   99   97   96   96   93   90
   84   79   74   69   66   65   65   64   63   63   62   62   62   63   63   63
   60   54   49   45   43   43   44   45   45
    27.5-180.0 180.0   5.0 450.0                            LAT/LON1/LON2/DLON/H
   43   42   42   41   41   42   44   49   58   71   87  103  116  125  129  132
  134  135  137  138  141  146  149  150  146  142  137  134  133  133  137  146
  159  175  186  189  185  174  158  141  126  115  108  105  104  102   99   94
   87   81   75   70   68   66   66   66   65   64   63   63   63   62   62   60
   57   53   48   45   43   43   43   43   43
    25.0-180.0 180.0   5.0 450.0                            LAT/LON1/LON2/DLON/H
   42   42   42   42   43   45   49   54   61   72   87  103  118  128  135  139
  142  144  145  147  149  151  154  153  149  146  146  148  152  156  163  174
  190  206  215  216  209  196  178  159  141  128  120  116  113  109  105   99
   91   84   78   73   70   69   68   68   66   65   64   63   62   61   59   56
   53   50   47   44   43   43   43   42   42
    22.5-180.0 180.0   5.0 450.0                            LAT/LON1/LON2/DLON/H
   43   43   44   44   46   50   54   59   65   74   87  103  118  131  140  145
  149  152  153  154  155  157  157  154  151  152  156  165  175  183  193  205
  221  235  242  239  229  214  196  176  157  143  133  127  123  118  112  104
   96   88   82   77   74   72   70   67   66   64   63   62   60   58   55   52
   49   47   46   45   45   45   45   43   43
    20.0-180.0 180.0   5.0 450.0                            LAT/LON1/LON2/DLON/H
   44   44   45   46   48   53   59   65   71   79   89  104  120  133  144  150
  155  158  160  162  163  163  161  156  154  158  169  185  201  213  223  233
  248  258  260  254  242  227  209  190  172  157  146  138  132  127  119  110
  100   92   86   82   79   75   70   66   63   61   59   59   57   54   51   48
   46   45   45   46   47   48   47   44   44
    17.5-180.0 180.0   5.0 450.0                            LAT/LON1/LON2/DLON/H
   44   44   45   47   49   55   63   70   78   85   93  107  122  136  147  155
  161  165  168  171  173  172  168  162  160  167  184  206  227  241  249  257
  267  272  269  259  246  232  217  201  185  170  158  150  143  134  125  114
  103   96   92   88   83   77   70   64   60   56   55   54   53   51   48   46
   44   44   45   46   48   49   48   46   44
    15.0-180.0 180.0   5.0 450.0                            LAT/LON1/LON2/DLON/H
   44   44   45   45   49   55   64   74   84   92  100  111  126  140  152  161
  168  174  179  184  186  186  181  174  172  182  202  227  251  264  270  273
  276  276  267  254  243  232  222  210  196  183  171  161  152  142  129  117
  106  101   97   94   88   80   71   63   57   52   51   51   50   48   47   45
   44   44   44   46   47   48   47   45   44
    12.5-180.0 180.0   5.0 450.0                            LAT/LON1/LON2/DLON/H
   42   42   42   43   46   53   63   77   90   99  107  118  132  146  158  168
  177  186  194  202  207  208  204  196  193  202  223  248  269  281  282  279
  276  270  259  248  239  232  227  219  208  196  183  172  160  148  134  120
  110  105  103  100   93   84   74   65   57   51   49   48   48   48   47   45
   45   44   44   45   46   46   45   43   42
    10.0-180.0 180.0   5.0 450.0                            LAT/LON1/LON2/DLON/H
   39   39   39   40   43   49   61   77   93  106  114  125  139  153  166  178
  189  201  214  226  235  239  235  228  223  230  247  267  283  290  287  280
  272  263  252  242  237  236  234  229  222  209  196  182  168  152  137  123
  114  110  109  106  100   91   81   70   61   54   51   50   50   49   49   48
   47   46   45   44   44   43   42   41   39
     7.5-180.0 180.0   5.0 450.0                            LAT/LON1/LON2/DLON/H
   37   36   36   37   39   46   58   76   95  109  120  132  145  160  175  189
  203  219  236  253  267  275  274  266  260  262  271  283  291  293  287  278
  268  258  250  245  245  248  248  244  236  222  207  191  175  158  142  128
  119  117  116  114  109  101   91   80   70   62   57   54   53   53   53   52
   51   49   46   44   43   41   39   38   37
     5.0-180.0 180.0   5.0 450.0                            LAT/LON1/LON2/DLON/H
   36   36   35   35   37   43   55   74   94  111  124  137  152  168  183  200
  217  236  257  279  298  310  312  305  297  292  293  295  295  292  285  277
  269  263  260  261  264  267  267  261  251  235  217  200  181  163  147  134
  127  124  124  122  118  111  103   92   82   72   65   60   58   58   58   58
   57   54   49   46   44   41   39   37   36
     2.5-180.0 180.0   5.0 450.0                            LAT/LON1/LON2/DLON/H
   38   37   37   37   38   42   54   73   93  112  126  141  157  174  191  210
  229  251  275  300  322  338  343  337  326  315  307  301  295  289  285  281
  278  278  281  287  291  292  287  278  264  245  226  205  186  168  153  143
  136  134  132  129  126  121  114  104   93   83   74   67   64   63   64   64
   63   60   55   51   47   44   41   39   38
