Gnsser/Gnsser.Winform/bin/Debug/Data/IgsProduct/igsg0010.18i
     1.0            IONOSPHERE MAPS     MIX                 IONEX VERSION / TYPE
cmpcmb v1.2          GRL/UWM            18-jan-18 12:37     PGM / RUN BY / DATE 
ionex file containing IGS COMBINED Ionosphere maps          COMMENT             
global ionosphere maps for day 001, 2018                    DESCRIPTION         
IONEX file containing the COMBINED IGS TEC MAPS and DCBs    DESCRIPTION         
      IONEX files of the following IAACs were combined: cod DESCRIPTION         
                                                        jpl DESCRIPTION         
Contact address: Andrzej Krankowski                         DESCRIPTION
                 Geodynamics Research Laboratory            DESCRIPTION
                 University of Warmia and Mazury (GRL/UWM)  DESCRIPTION
                 Oczapowski St. 1                           DESCRIPTION
                 10-957-Olsztyn, POLAND                     DESCRIPTION
                 e-mail:  kand@uwm.edu.pl                   DESCRIPTION
                                                            DESCRIPTION         
  2018     1     1     0     0     0                        EPOCH OF FIRST MAP  
  2018     1     2     0     0     0                        EPOCH OF LAST MAP   
  7200                                                      INTERVAL            
    13                                                      # OF MAPS IN FILE   
  COSZ                                                      MAPPING FUNCTION    
     0.0                                                    ELEVATION CUTOFF    
combined TEC calculated as weighted mean of input TEC valuesOBSERVABLES USED    
   326                                                      # OF STATIONS       
    32                                                      # OF SATELLITES     
  6371.0                                                    BASE RADIUS         
     2                                                      MAP DIMENSION       
   450.0 450.0   0.0                                        HGT1 / HGT2 / DHGT  
    87.5 -87.5  -2.5                                        LAT1 / LAT2 / DLAT  
  -180.0 180.0   5.0                                        LON1 / LON2 / DLON  
    -1                                                      EXPONENT            
TEC values in 0.1 tec units;  9999, if no value available   COMMENT             
DCB values in nanoseconds, reference is Sum_of_SatDCBs = 0  COMMENT             
                                                            END OF HEADER       
[from data line 2145]
     6                                                      START OF TEC MAP    
  2018     1     1    10     0     0                        EPOCH OF CURRENT MAP
    87.5-180.0 180.0   5.0 450.0                            LAT/LON1/LON2/DLON/H
   25   24   24   23   23   22   22   22   21   21   21   20   20   19   19   19
   19   19   19   19   18   19   19   19   19   19   19   20   20   20   21   21
   22   22   22   23   23   23   24   24   24   25   25   25   25   26   26   26
   27   27   27   27   28   28   28   28   28   28   28   28   28   28   28   28
   28   28   27   27   27   26   26   25   25
    85.0-180.0 180.0   5.0 450.0                            LAT/LON1/LON2/DLON/H
   27   27   26   25   24   23   22   21   20   19   18   17   17   16   16   15
   15   15   15   14   14   15   15   15   16   16   17   18   19   19   20   20
   21   22   23   23   23   24   24   25   26   26   27   27   28   28   29   29
   30   30   30   31   32   32   32   33   33   33   33   33   33   33   33   33
   32   32   32   31   30   30   29   28   27
    82.5-180.0 180.0   5.0 450.0                            LAT/LON1/LON2/DLON/H
   31   30   29   28   27   26   24   23   21   20   18   17   16   15   13   13
   12   12   12   12   12   13   13   14   15   15   17   17   18   19   20   21
   22   23   24   24   25   25   26   26   27   27   28   28   29   30   30   31
   32   32   33   34   34   34   35   35   35   36   36   36   36   36   36   35
   35   34   34   34   33   33   32   32   31
    80.0-180.0 180.0   5.0 450.0                            LAT/LON1/LON2/DLON/H
   35   34   33   33   31   30   28   26   24   22   20   18   17   15   14   13
   12   12   12   12   12   13   14   14   15   16   18   18   19   20   21   22
   23   24   25   26   26   27   27   27   28   28   29   30   30   31   31   32
   32   33   34   35   35   35   36   37   37   37   37   37   37   36   36   36
   35   35   35   35   35   35   35   35   35
    77.5-180.0 180.0   5.0 450.0                            LAT/LON1/LON2/DLON/H
   37   38   38   37   37   35   34   31   29   26   24   22   19   17   16   15
   14   14   13   13   14   15   16   17   17   18   19   20   21   22   22   23
   24   25   26   27   27   27   28   29   29   30   30   31   32   32   33   33
   34   34   34   35   35   36   36   36   36   36   36   35   35   34   33   33
   32   32   33   33   34   35   36   37   37
    75.0-180.0 180.0   5.0 450.0                            LAT/LON1/LON2/DLON/H
   39   40   41   42   42   41   39   37   34   32   29   26   23   21   20   18
   17   17   17   17   18   19   19   20   20   20   21   21   22   22   23   24
   25   25   26   26   27   28   29   30   31   31   32   33   34   35   35   35
   35   35   35   35   35   35   35   35   34   33   33   32   31   29   28   28
   27   27   28   29   30   32   35   37   39
    72.5-180.0 180.0   5.0 450.0                            LAT/LON1/LON2/DLON/H
   38   42   44   45   45   45   44   42   39   36   34   31   28   25   24   23
   22   22   22   23   23   23   24   23   23   23   22   22   22   22   22   23
   23   24   25   25   27   28   29   31   32   34   35   36   37   39   39   39
   38   38   37   36   35   34   34   33   32   31   30   29   27   25   23   22
   21   21   22   23   25   28   31   35   38
    70.0-180.0 180.0   5.0 450.0                            LAT/LON1/LON2/DLON/H
   37   41   44   46   47   47   46   44   42   40   37   35   32   30   28   27
   26   27   27   27   28   28   27   26   25   24   23   21   20   20   20   20
   21   22   24   25   26   28   30   32   35   36   39   41   42   44   45   44
   43   42   40   37   36   35   33   32   31   29   28   26   24   21   19   17
   16   15   16   18   20   24   28   33   37
    67.5-180.0 180.0   5.0 450.0                            LAT/LON1/LON2/DLON/H
   35   40   43   45   46   46   45   44   42   40   38   36   34   33   31   31
   30   30   31   31   31   31   30   28   26   23   21   19   18   16   17   18
   20   21   23   25   27   30   32   35   38   41   45   48   50   52   52   51
   49   47   44   41   38   36   34   33   31   30   28   26   23   21   18   16
   14   13   13   14   17   20   24   30   35
    65.0-180.0 180.0   5.0 450.0                            LAT/LON1/LON2/DLON/H
   33   38   42   44   44   43   42   41   40   39   38   37   35   34   33   32
   32   32   33   33   33   32   30   27   24   21   18   16   14   13   14   17
   19   22   25   28   31   33   36   39   43   47   52   56   59   61   61   60
   57   54   50   46   42   40   37   35   33   32   31   29   27   25   22   19
   17   14   14   14   16   18   23   28   33
    62.5-180.0 180.0   5.0 450.0                            LAT/LON1/LON2/DLON/H
   34   38   41   41   41   39   38   37   36   36   35   35   35   33   33   32
   32   32   33   33   32   31   28   25   21   18   14   12   12   11   14   17
   22   26   30   33   36   38   41   45   49   54   60   65   69   71   71   69
   66   61   57   52   49   45   42   40   38   37   36   35   33   31   28   25
   22   19   18   17   17   20   23   28   34
    60.0-180.0 180.0   5.0 450.0                            LAT/LON1/LON2/DLON/H
   35   39   41   41   39   37   34   33   32   32   32   33   32   32   32   31
   31   31   31   31   31   29   26   22   18   15   12   10   10   12   16   21
   27   33   39   42   44   47   49   52   57   63   68   74   79   81   82   79
   75   70   65   60   56   52   50   47   45   43   42   41   39   38   35   33
   29   26   24   22   21   22   26   30   35
    57.5-180.0 180.0   5.0 450.0                            LAT/LON1/LON2/DLON/H
   38   43   44   44   41   37   33   31   30   30   30   31   31   30   30   29
   29   29   29   29   28   26   23   19   15   13   11   11   12   16   21   28
   36   43   49   53   55   56   58   61   65   71   77   83   88   91   92   89
   84   79   74   70   66   62   58   55   51   50   48   47   46   44   42   40
   36   33   29   27   26   26   29   34   38
    55.0-180.0 180.0   5.0 450.0                            LAT/LON1/LON2/DLON/H
   43   47   49   49   46   41   37   33   31   30   30   30   30   30   29   28
   27   27   27   26   26   24   22   18   15   14   13   14   17   22   29   38
   46   54   60   64   66   67   68   70   74   79   85   92   97  100  100   97
   93   89   84   81   77   73   69   64   59   56   54   52   51   49   47   45
   42   38   35   31   30   30   33   37   43
    52.5-180.0 180.0   5.0 450.0                            LAT/LON1/LON2/DLON/H
   48   53   55   56   53   49   44   39   35   34   33   32   31   30   29   28
   27   26   26   26   25   24   22   20   18   17   18   20   24   30   38   47
   56   65   71   75   77   78   79   80   84   88   94  100  105  108  108  106
  103  100   97   94   91   86   80   74   68   63   59   56   54   52   50   47
   45   41   38   35   33   34   37   42   48
    50.0-180.0 180.0   5.0 450.0                            LAT/LON1/LON2/DLON/H
   52   57   61   63   61   58   53   48   44   41   39   38   36   34   32   31
   30   29   29   28   28   27   26   24   23   23   24   27   32   38   47   56
   65   74   80   85   87   88   89   91   94   98  102  107  112  114  115  114
  112  110  109  108  105  100   93   85   76   70   64   59   56   53   51   49
   47   43   41   38   37   38   41   46   52
    47.5-180.0 180.0   5.0 450.0                            LAT/LON1/LON2/DLON/H
   55   60   65   68   68   66   62   58   53   50   47   46   44   41   39   36
   35   35   35   35   35   34   33   32   31   30   32   35   39   46   54   62
   71   80   87   93   96   99  100  102  104  107  110  114  118  120  122  122
  121  121  121  122  119  114  105   95   85   77   69   63   58   55   52   50
   48   45   43   40   40   41   44   49   55
    45.0-180.0 180.0   5.0 450.0                            LAT/LON1/LON2/DLON/H
   56   60   65   69   72   71   70   66   62   60   57   55   54   51   48   46
   44   45   44   44   43   42   42   41   39   39   39   42   46   52   59   67
   75   84   92   99  104  108  111  113  115  117  119  121  124  126  127  128
  129  130  132  133  131  125  116  105   94   84   75   68   62   58   55   53
   51   48   45   43   43   45   48   52   56
    42.5-180.0 180.0   5.0 450.0                            LAT/LON1/LON2/DLON/H
   55   58   62   66   70   72   73   72   69   68   66   65   64   62   60   57
   57   57   57   56   54   53   52   50   48   46   46   48   52   57   64   71
   79   87   96  105  112  119  122  124  125  126  127  128  130  132  133  134
  135  137  140  141  139  133  124  113  102   91   82   73   67   63   59   57
   55   52   49   47   47   48   50   53   55
    40.0-180.0 180.0   5.0 450.0                            LAT/LON1/LON2/DLON/H
   54   54   56   60   65   70   73   73   72   72   72   73   74   74   72   71
   70   70   70   68   66   63   62   59   56   53   52   53   57   63   69   75
   82   92  101  111  121  129  134  136  137  136  135  135  136  137  139  139
  140  141  143  144  142  137  129  119  108   98   88   80   74   69   66   63
   61   57   54   51   50   51   52   53   54
    37.5-180.0 180.0   5.0 450.0                            LAT/LON1/LON2/DLON/H
   52   50   50   52   58   64   69   71   71   72   74   78   82   85   85   84
   82   82   81   78   75   72   69   66   62   59   57   59   63   69   75   81
   89   97  108  120  131  140  145  147  146  145  143  142  142  143  143  143
  143  143  144  144  142  137  130  122  113  104   94   87   80   76   72   70
   67   63   58   55   53   53   53   54   52
    35.0-180.0 180.0   5.0 450.0                            LAT/LON1/LON2/DLON/H
   51   47   45   46   50   57   62   65   66   69   73   80   88   93   95   94
   93   91   89   85   80   77   74   70   66   63   62   65   70   76   83   89
   97  106  118  130  142  151  155  157  155  153  150  149  149  149  149  148
  146  144  144  142  140  136  130  124  117  109  101   94   88   83   79   77
   74   70   64   58   55   54   54   53   51
    32.5-180.0 180.0   5.0 450.0                            LAT/LON1/LON2/DLON/H
   51   46   42   42   45   50   55   58   59   63   69   79   90   98  102  101
   98   95   91   86   81   77   74   71   68   66   67   72   78   86   93   99
  107  117  129  142  153  161  165  165  164  161  159  157  156  155  154  152
  149  146  144  141  138  134  130  125  120  114  108  102   96   90   86   83
   80   75   69   62   58   55   55   53   51
    30.0-180.0 180.0   5.0 450.0                            LAT/LON1/LON2/DLON/H
   52   47   43   40   41   45   48   51   53   56   64   76   88  100  104  103
   99   94   88   83   78   75   72   70   68   68   71   78   86   95  103  110
  119  130  142  154  165  171  173  173  171  170  168  166  165  163  161  158
  154  151  148  145  141  136  132  128  125  121  116  111  105   97   91   88
   86   82   75   67   61   57   56   55   52
    27.5-180.0 180.0   5.0 450.0                            LAT/LON1/LON2/DLON/H
   55   51   46   43   42   43   44   45   47   50   58   70   84   96  102  100
   95   88   82   77   72   70   68   67   67   69   74   83   93  103  112  121
  131  143  156  168  177  181  180  179  179  178  178  176  175  173  170  166
  163  159  157  154  148  142  137  134  132  130  127  121  114  105   97   94
   92   89   82   73   65   61   59   58   55
    25.0-180.0 180.0   5.0 450.0                            LAT/LON1/LON2/DLON/H
   60   56   51   48   46   44   43   42   43   46   53   65   78   89   94   92
   86   80   74   69   66   64   63   63   64   68   76   86   98  109  120  131
  143  157  170  182  187  189  187  185  186  187  188  188  186  184  180  177
  174  173  172  168  161  154  148  145  143  141  139  133  124  115  105  100
   99   96   89   80   72   66   64   62   60
    22.5-180.0 180.0   5.0 450.0                            LAT/LON1/LON2/DLON/H
   65   62   59   56   52   48   45   44   43   45   50   59   70   78   82   80
   76   71   66   62   60   59   59   59   61   66   75   87  100  113  125  138
  152  168  183  193  198  197  193  192  193  197  200  201  200  197  193  190
  189  190  190  187  179  171  164  160  157  156  153  147  138  126  114  108
  106  104   98   90   81   74   70   68   65
    20.0-180.0 180.0   5.0 450.0                            LAT/LON1/LON2/DLON/H
   72   70   67   64   59   54   50   48   47   47   51   56   62   67   69   68
   65   62   59   58   57   56   56   56   58   64   74   87  100  113  127  142
  160  178  193  203  206  204  199  198  202  208  213  214  214  212  209  207
  207  209  211  208  201  192  184  178  175  174  170  163  153  140  127  117
  114  112  107  100   91   83   78   74   72
    17.5-180.0 180.0   5.0 450.0                            LAT/LON1/LON2/DLON/H
   78   77   75   72   67   62   57   55   54   53   54   56   58   58   57   56
   56   56   56   56   56   56   55   54   56   61   72   86   99  113  128  146
  165  185  201  211  213  210  206  206  212  219  225  229  230  229  227  226
  226  229  232  231  224  215  205  198  194  192  187  180  169  155  139  128
  123  120  116  110  102   93   86   81   78
    15.0-180.0 180.0   5.0 450.0                            LAT/LON1/LON2/DLON/H
   83   81   80   77   73   68   64   62   62   62   61   60   57   53   50   49
   50   52   54   56   56   56   55   53   54   59   70   84   98  112  129  148
  169  190  207  216  218  216  215  216  223  231  238  243  247  249  248  247
  247  248  252  252  245  235  225  218  212  208  204  196  184  169  153  139
  131  127  123  118  112  104   95   88   83
    12.5-180.0 180.0   5.0 450.0                            LAT/LON1/LON2/DLON/H
   87   85   83   80   76   72   69   69   70   70   69   65   59   53   48   47
   47   51   55   57   58   58   56   53   53   58   69   84   98  113  130  151
  173  193  209  219  222  223  224  227  234  243  250  257  263  268  269  267
  265  266  268  268  261  252  242  233  227  223  217  209  198  183  165  148
  137  130  127  124  119  112  103   93   87
    10.0-180.0 180.0   5.0 450.0                            LAT/LON1/LON2/DLON/H
   91   86   83   79   75   72   71   73   76   77   75   71   64   57   51   49
   49   52   57   60   61   60   57   53   53   58   70   85  100  115  133  154
  175  195  210  221  227  230  234  239  247  255  262  269  277  285  288  286
  281  279  280  279  272  261  252  244  238  232  226  218  208  193  174  155
  140  132  129  126  124  118  108   98   91
     7.5-180.0 180.0   5.0 450.0                            LAT/LON1/LON2/DLON/H
   93   88   83   77   72   69   70   73   77   79   78   75   69   62   56   53
   53   55   59   62   63   62   59   55   54   60   72   88  104  119  136  156
  176  195  210  223  231  238  245  252  259  265  271  278  288  298  302  300
  293  289  287  284  276  266  257  251  244  238  232  225  214  199  180  159
  142  131  127  127  126  121  112  102   93
     5.0-180.0 180.0   5.0 450.0                            LAT/LON1/LON2/DLON/H
   97   91   84   77   70   66   66   69   74   76   77   74   71   66   62   58
   57   58   60   63   64   63   59   56   56   63   76   92  107  123  140  158
  177  195  210  223  234  246  256  264  271  273  277  283  293  305  310  307
  301  294  290  284  275  267  259  254  249  242  235  228  218  203  183  162
  142  130  125  125  124  122  116  106   97
     2.5-180.0 180.0   5.0 450.0                            LAT/LON1/LON2/DLON/H
  104   97   89   79   71   65   63   65   68   69   69   69   69   67   64   61
   59   59   61   62   64   63   61   58   59   67   80   96  111  127  143  159
  177  193  209  223  238  251  264  273  278  279  280  285  293  304  311  309
  303  296  290  283  274  266  261  258  253  245  237  230  220  205  185  163
  144  130  124  122  123  123  119  112  104
