Gnsser/Gnsser.Winform/bin/Debug/Data/IgsProduct/igsg0010.18i
     1.0            IONOSPHERE MAPS     MIX                 IONEX VERSION / TYPE
cmpcmb v1.2          GRL/UWM            18-jan-18 12:37     PGM / RUN BY / DATE 
ionex file containing IGS COMBINED Ionosphere maps          COMMENT             
global ionosphere maps for day 001, 2018                    DESCRIPTION         
IONEX file containing the COMBINED IGS TEC MAPS and DCBs    DESCRIPTION         
      IONEX files of the following IAACs were combined: cod DESCRIPTION         
                                                        jpl DESCRIPTION         
Contact address: Andrzej Krankowski                         DESCRIPTION
                 Geodynamics Research Laboratory            DESCRIPTION
                 University of Warmia and Mazury (GRL/UWM)  DESCRIPTION
                 Oczapowski St. 1                           DESCRIPTION
                 10-957-Olsztyn, POLAND                     DESCRIPTION
                 e-mail:  kand@uwm.edu.pl                   DESCRIPTION
                                                            DESCRIPTION         
  2018     1     1     0     0     0                        EPOCH OF FIRST MAP  
  2018     1     2     0     0     0                        EPOCH OF LAST MAP   
  7200                                                      INTERVAL            
    13                                                      # OF MAPS IN FILE   
  COSZ                                                      MAPPING FUNCTION    
     0.0                                                    ELEVATION CUTOFF    
combined TEC calculated as weighted mean of input TEC valuesOBSERVABLES USED    
   326                                                      # OF STATIONS       
    32                                                      # OF SATELLITES     
  6371.0                                                    BASE RADIUS         
     2                                                      MAP DIMENSION       
   450.0 450.0   0.0                                        HGT1 / HGT2 / DHGT  
    87.5 -87.5  -2.5                                        LAT1 / LAT2 / DLAT  
  -180.0 180.0   5.0                                        LON1 / LON2 / DLON  
    -1                                                      EXPONENT            
TEC values in 0.1 tec units;  9999, if no value available   COMMENT             
DCB values in nanoseconds, reference is Sum_of_SatDCBs = 0  COMMENT             
                                                            END OF HEADER       
[from data line 4290]
    11                                                      START OF TEC MAP    
  2018     1     1    20     0     0                        EPOCH OF CURRENT MAP
    87.5-180.0 180.0   5.0 450.0                            LAT/LON1/LON2/DLON/H
   21   21   21   21   21   21   20   20   20   20   20   20   20   20   19   19
   18   18   18   17   17   16   16   16   15   15   14   14   14   14   13   13
   13   13   13   13   13   13   13   13   13   13   14   14   15   15   15   16
   16   16   16   17   17   18   18   18   18   18   19   19   19   20   20   20
   20   20   20   20   20   20   20   20   21
    85.0-180.0 180.0   5.0 450.0                            LAT/LON1/LON2/DLON/H
   22   23   23   23   23   24   24   24   24   24   24   24   24   23   23   22
   22   21   20   19   18   17   16   15   13   13   12   11   10   10    9    9
    8    8    8    8    9    9    9    9   10   11   11   12   13   14   15   15
   16   17   17   18   18   19   20   20   20   20   20   20   21   21   21   21
   21   21   21   21   21   21   22   22   22
    82.5-180.0 180.0   5.0 450.0                            LAT/LON1/LON2/DLON/H
   21   22   23   23   24   25   25   26   27   27   28   28   28   28   28   27
   26   25   23   22   20   18   17   15   14   12   11    9    9    9    8    8
    8    8    8    8    8    8    8    8    8    9   10   11   12   13   15   16
   17   18   19   19   20   20   21   21   21   21   21   21   20   20   20   20
   20   20   20   20   21   21   21   21   21
    80.0-180.0 180.0   5.0 450.0                            LAT/LON1/LON2/DLON/H
   19   19   20   21   22   24   25   27   28   30   31   32   32   32   32   32
   31   30   28   25   23   21   19   16   14   12   10   10    9    9    8    8
    8    8    8    7    7    8    8    8    8    9   10   11   12   14   15   16
   18   19   19   20   21   21   21   21   20   20   20   19   18   18   18   17
   17   17   17   17   17   18   18   18   19
    77.5-180.0 180.0   5.0 450.0                            LAT/LON1/LON2/DLON/H
   14   15   16   17   18   20   22   24   27   29   31   33   35   36   37   36
   35   34   32   29   27   24   21   18   15   13   11   10    9    9    8    8
    8    8    7    7    7    7    8    8    8    9   10   11   12   14   15   17
   17   19   19   20   20   20   20   19   18   17   16   15   14   13   12   13
   12   12   13   13   13   13   13   14   14
    75.0-180.0 180.0   5.0 450.0                            LAT/LON1/LON2/DLON/H
   10   10   11   12   14   15   18   21   24   27   31   34   37   39   40   40
   40   38   36   33   30   27   23   20   17   14   12   10    9    8    8    8
    7    7    7    7    7    7    8    8    9    9   10   11   11   13   13   15
   16   17   17   17   17   17   17   15   14   12   11   10    9    8    7    8
    8    8    9    9   10   10   10    9   10
    72.5-180.0 180.0   5.0 450.0                            LAT/LON1/LON2/DLON/H
    8    8    8    9   10   12   15   18   22   26   31   35   38   41   43   44
   43   42   40   37   34   30   27   23   19   16   13   10    9    8    7    7
    7    6    6    8    9    9   10    9    9    9    9    9    9   10   11   12
   13   13   14   14   14   14   12   11    9    8    6    6    5    5    5    6
    6    7    7    8    8    8    8    8    8
    70.0-180.0 180.0   5.0 450.0                            LAT/LON1/LON2/DLON/H
    7    7    8    8   10   11   14   17   21   26   30   35   40   43   45   45
   45   44   42   40   37   33   30   26   22   19   15   12    9    8    7    6
    6    6    7    8    9   10   10   10    9    8    8    7    7    7    7    8
    9   10   11   11   11   10    9    8    7    6    4    4    4    4    4    5
    6    6    7    8    8    8    8    7    7
    67.5-180.0 180.0   5.0 450.0                            LAT/LON1/LON2/DLON/H
   10   10   11   12   13   15   16   19   23   27   32   37   41   45   46   47
   47   47   46   43   40   37   34   30   26   22   18   14   10    8    6    5
    5    5    7    8    9   10   10    9    8    7    7    7    7    7    6    6
    7    8    9    9    9    9    8    7    7    6    6    6    5    6    7    8
    9   10   11   12   11   11   11   10   10
    65.0-180.0 180.0   5.0 450.0                            LAT/LON1/LON2/DLON/H
   16   17   18   19   20   21   23   25   27   31   34   39   43   46   48   49
   50   50   50   48   45   42   38   34   30   26   22   17   13    8    6    5
    4    4    6    8    9   10   10    9    8    7    8    8    7    7    7    6
    6    8    9   10   10   10    9    9   10   10   11   12   13   13   14   15
   16   17   17   17   17   16   15   16   16
    62.5-180.0 180.0   5.0 450.0                            LAT/LON1/LON2/DLON/H
   24   25   27   29   31   32   33   33   35   36   39   42   45   48   51   53
   54   54   54   54   51   48   43   40   35   31   26   21   15   11    7    5
    5    5    6    8    9   10   10   10    9    9    9    9    9    9    9    9
   10   11   13   14   15   15   15   15   17   18   21   22   23   24   24   24
   24   24   24   24   23   22   22   22   24
    60.0-180.0 180.0   5.0 450.0                            LAT/LON1/LON2/DLON/H
   32   34   37   41   43   44   44   44   44   44   45   47   49   52   55   57
   59   60   60   60   57   54   49   45   41   36   32   26   20   15   10    7
    6    6    7    8   11   12   13   13   13   13   14   14   15   15   15   16
   18   19   21   22   23   23   23   24   26   29   32   34   35   35   35   34
   33   32   31   30   29   29   29   30   32
    57.5-180.0 180.0   5.0 450.0                            LAT/LON1/LON2/DLON/H
   39   43   47   51   55   56   56   55   54   53   53   53   55   58   60   63
   66   67   67   67   64   60   56   51   46   43   38   32   26   20   15   11
    9    9   10   12   14   16   17   19   21   22   24   25   26   26   26   27
   28   30   32   33   33   34   34   35   37   40   43   45   46   46   44   41
   39   37   36   35   35   35   35   36   39
    55.0-180.0 180.0   5.0 450.0                            LAT/LON1/LON2/DLON/H
   45   50   55   61   65   68   68   67   65   63   62   61   62   64   68   71
   73   74   75   74   71   67   62   57   53   49   45   40   34   28   22   18
   15   14   15   17   19   21   24   27   30   34   36   39   40   41   41   41
   42   44   46   47   48   47   46   46   47   50   52   55   55   53   49   45
   42   40   38   38   37   38   39   41   45
    52.5-180.0 180.0   5.0 450.0                            LAT/LON1/LON2/DLON/H
   48   54   62   68   75   79   80   80   78   75   72   71   71   73   75   78
   80   81   81   80   76   72   67   63   59   56   52   48   42   36   30   25
   23   22   22   24   26   28   32   36   41   46   50   54   56   56   56   57
   58   59   61   62   62   61   59   58   58   58   60   61   60   56   52   46
   42   39   38   38   38   40   42   44   48
    50.0-180.0 180.0   5.0 450.0                            LAT/LON1/LON2/DLON/H
   51   58   66   75   82   87   91   91   91   89   86   83   82   83   84   86
   87   87   87   85   82   77   73   69   66   63   60   57   50   43   37   33
   31   29   30   31   33   36   40   45   52   58   64   68   70   71   71   72
   73   75   76   77   77   75   71   68   66   66   66   65   62   58   51   45
   39   37   35   36   38   40   42   46   51
    47.5-180.0 180.0   5.0 450.0                            LAT/LON1/LON2/DLON/H
   53   61   70   80   88   94  100  103  104  103  101   98   96   94   94   94
   94   93   91   89   86   82   79   76   74   71   69   64   57   49   43   39
   38   37   38   39   41   43   47   53   61   68   74   79   82   84   85   86
   88   89   90   90   89   86   82   77   73   71   69   67   64   58   50   43
   36   34   33   34   37   40   43   47   53
    45.0-180.0 180.0   5.0 450.0                            LAT/LON1/LON2/DLON/H
   55   63   73   83   92  100  107  113  118  119  117  114  111  108  105  102
  100   98   95   93   90   88   86   84   82   80   77   70   61   52   46   42
   42   43   45   46   48   50   54   60   67   74   81   87   91   94   96   98
   98   99   99   99   96   93   87   82   77   74   72   69   65   58   50   41
   35   32   32   33   37   40   43   48   55
    42.5-180.0 180.0   5.0 450.0                            LAT/LON1/LON2/DLON/H
   57   66   76   86   94  102  111  121  130  134  134  131  127  122  117  112
  107  103   99   96   96   95   95   93   92   89   83   75   64   53   46   44
   45   48   51   52   55   57   60   65   71   78   85   92   97  100  103  104
  105  105  104  102   98   95   90   84   79   76   74   71   66   59   51   42
   36   33   33   35   38   41   45   50   57
    40.0-180.0 180.0   5.0 450.0                            LAT/LON1/LON2/DLON/H
   60   69   79   88   95  102  112  126  138  146  150  147  142  137  129  123
  115  109  104  102  102  104  104  103  101   97   90   79   66   53   46   44
   48   52   56   59   61   62   64   68   73   80   87   94   99  103  106  107
  107  105  102  100   96   92   87   83   79   77   75   72   68   62   54   45
   40   37   36   38   41   44   48   53   60
    37.5-180.0 180.0   5.0 450.0                            LAT/LON1/LON2/DLON/H
   64   73   82   90   95  101  112  127  143  154  161  161  156  149  142  134
  125  118  111  110  111  113  114  113  110  105   96   83   68   54   47   46
   50   56   61   64   66   68   69   71   74   80   87   94   99  104  106  106
  104  101   97   93   89   86   82   80   78   77   76   74   71   65   57   50
   44   40   40   42   45   49   52   57   64
    35.0-180.0 180.0   5.0 450.0                            LAT/LON1/LON2/DLON/H
   70   78   86   92   95  100  110  126  144  159  167  169  165  159  152  145
  136  128  122  119  121  123  124  122  117  111  101   88   72   59   52   51
   55   62   67   71   72   74   74   74   77   81   88   93   99  102  103  103
  100   95   89   84   80   78   76   75   75   75   76   75   72   67   60   53
   47   44   44   46   49   53   58   64   70
    32.5-180.0 180.0   5.0 450.0                            LAT/LON1/LON2/DLON/H
   76   84   91   96   97  100  109  125  142  158  168  172  169  165  160  155
  148  140  134  131  131  133  132  128  122  115  106   94   81   69   62   61
   65   70   75   78   80   81   80   79   80   83   88   93   97   99   99   97
   93   87   80   74   71   70   70   71   72   73   75   75   73   67   60   53
   49   46   46   48   53   58   64   69   76
    30.0-180.0 180.0   5.0 450.0                            LAT/LON1/LON2/DLON/H
   83   90   97  101  102  102  109  122  139  154  164  169  169  168  166  163
  158  153  147  144  142  140  137  132  125  118  111  102   92   83   78   77
   78   82   85   87   88   88   87   84   84   85   89   92   95   96   95   91
   86   79   72   67   64   64   65   67   69   71   73   72   71   66   59   52
   47   45   45   49   55   61   69   75   83
    27.5-180.0 180.0   5.0 450.0                            LAT/LON1/LON2/DLON/H
   89   98  104  107  108  107  112  121  135  147  156  161  164  166  168  168
  167  164  159  154  151  146  140  133  126  121  116  112  107  103   99   98
   97   97   96   96   96   96   94   89   87   87   88   91   92   92   89   85
   79   72   66   61   59   60   62   64   66   68   69   69   67   62   55   48
   43   41   42   47   55   64   73   81   89
    25.0-180.0 180.0   5.0 450.0                            LAT/LON1/LON2/DLON/H
   96  105  112  116  116  115  118  124  133  141  147  152  157  162  167  171
  173  172  168  162  155  148  140  133  127  123  123  124  124  125  124  122
  118  113  108  104  103  102   98   93   89   87   87   89   89   87   83   79
   74   68   62   59   57   58   60   62   63   64   64   64   62   57   50   43
   37   36   38   44   55   67   78   88   96
    22.5-180.0 180.0   5.0 450.0                            LAT/LON1/LON2/DLON/H
  104  114  121  126  127  126  128  132  136  139  142  145  152  158  165  171
  177  178  173  166  155  146  138  132  129  129  133  138  144  148  150  146
  139  129  119  111  108  106  101   95   89   86   85   85   84   81   77   73
   69   64   60   57   57   58   59   60   60   59   60   59   57   52   45   38
   32   30   34   42   54   69   83   95  104
    20.0-180.0 180.0   5.0 450.0                            LAT/LON1/LON2/DLON/H
  113  123  130  136  138  140  142  145  147  146  144  146  151  158  165  173
  180  181  177  166  153  142  135  132  133  138  145  154  163  170  173  168
  156  141  126  115  110  106  101   93   87   83   81   80   79   76   72   68
   65   62   60   58   58   58   59   58   56   55   55   54   52   47   41   34
   28   27   31   40   55   71   88  102  113
    17.5-180.0 180.0   5.0 450.0                            LAT/LON1/LON2/DLON/H
  123  133  141  147  152  155  160  164  165  161  156  155  159  164  170  178
  185  187  180  166  150  138  133  136  142  151  161  170  179  188  191  184
  168  148  129  116  109  105   98   90   84   79   77   76   74   71   68   65
   63   62   61   60   60   59   58   56   53   51   51   49   48   43   37   31
   27   25   29   40   57   76   93  110  123
    15.0-180.0 180.0   5.0 450.0                            LAT/LON1/LON2/DLON/H
  132  143  151  159  165  172  179  187  190  186  180  177  177  180  183  189
  197  198  188  170  151  138  137  145  156  167  177  186  194  201  202  192
  173  149  129  115  108  103   96   88   81   77   76   74   72   69   67   64
   63   62   62   62   61   60   58   55   52   49   48   46   44   41   36   31
   27   26   30   42   60   80  101  118  132
    12.5-180.0 180.0   5.0 450.0                            LAT/LON1/LON2/DLON/H
  141  154  162  170  177  187  199  211  217  216  211  206  204  204  206  211
  217  217  204  181  158  146  147  159  174  185  194  199  204  206  204  192
  170  147  127  115  108  103   96   89   83   80   78   76   75   72   69   68
   66   66   65   64   63   61   58   55   51   48   46   44   43   40   37   33
   29   28   33   46   64   86  107  126  141
    10.0-180.0 180.0   5.0 450.0                            LAT/LON1/LON2/DLON/H
  150  163  172  180  189  201  216  232  242  245  243  240  236  235  235  240
  246  244  228  201  175  161  164  179  195  205  209  210  209  208  203  188
  167  145  128  118  112  107  102   96   91   88   86   84   81   77   75   73
   71   69   68   67   65   62   59   56   52   49   46   44   43   41   38   35
   32   31   37   50   69   91  113  133  150
     7.5-180.0 180.0   5.0 450.0                            LAT/LON1/LON2/DLON/H
  157  171  181  190  200  213  229  247  261  269  271  269  267  265  268  273
  280  277  259  230  201  185  188  203  216  221  222  217  213  208  200  185
  165  148  134  126  122  119  114  109  105  102   98   94   90   86   84   81
   77   74   72   69   67   64   61   59   55   51   48   46   44   42   41   38
   36   35   41   55   74   97  119  138  157
     5.0-180.0 180.0   5.0 450.0                            LAT/LON1/LON2/DLON/H
  161  177  188  198  208  221  237  255  272  282  289  291  291  292  295  303
  311  310  292  262  231  213  215  227  236  236  231  224  217  209  200  187
  172  156  147  142  139  136  132  127  123  118  113  107  102   97   93   89
   85   80   75   72   69   66   64   62   59   55   51   48   47   45   44   42
   40   40   46   61   80  101  123  143  161
     2.5-180.0 180.0   5.0 450.0                            LAT/LON1/LON2/DLON/H
  164  180  193  205  216  229  243  259  273  286  295  300  304  308  314  326
  336  337  321  291  260  240  239  248  252  247  238  230  222  215  208  197
  185  174  167  162  159  156  151  146  141  135  128  121  113  108  103   98
   92   85   78   73   70   68   67   66   63   59   54   51   49   48   47   45
   43   44   52   67   85  105  126  145  164
