Gnsser/Gnsser.Winform/bin/Debug/Data/IgsProduct/igsg0010.13i
     1.0            IONOSPHERE MAPS     MIX                 IONEX VERSION / TYPE
cmpcmb v1.2          GRL/UWM            15-jan-13 16:42     PGM / RUN BY / DATE 
ionex file containing IGS COMBINED Ionosphere maps          COMMENT             
global ionosphere maps for day 001, 2013                    DESCRIPTION         
IONEX file containing the COMBINED IGS TEC MAPS and DCBs    DESCRIPTION         
      IONEX files of the following IAACs were combined: cod DESCRIPTION         
                                                        esa DESCRIPTION         
                                                        jpl DESCRIPTION         
                                                        upc DESCRIPTION         
Contact address: Andrzej Krankowski                         DESCRIPTION
                 Geodynamics Research Laboratory            DESCRIPTION
                 University of Warmia and Mazury (GRL/UWM)  DESCRIPTION
                 Oczapowski St. 1                           DESCRIPTION
                 10-957-Olsztyn, POLAND                     DESCRIPTION
                 e-mail:  kand@uwm.edu.pl                   DESCRIPTION
                                                            DESCRIPTION         
  2013     1     1     0     0     0                        EPOCH OF FIRST MAP  
  2013     1     2     0     0     0                        EPOCH OF LAST MAP   
  7200                                                      INTERVAL            
    13                                                      # OF MAPS IN FILE   
  COSZ                                                      MAPPING FUNCTION    
     0.0                                                    ELEVATION CUTOFF    
combined TEC calculated as weighted mean of input TEC valuesOBSERVABLES USED    
   422                                                      # OF STATIONS       
    32                                                      # OF SATELLITES     
  6371.0                                                    BASE RADIUS         
     2                                                      MAP DIMENSION       
   450.0 450.0   0.0                                        HGT1 / HGT2 / DHGT  
    87.5 -87.5  -2.5                                        LAT1 / LAT2 / DLAT  
  -180.0 180.0   5.0                                        LON1 / LON2 / DLON  
    -1                                                      EXPONENT            
TEC values in 0.1 tec units;  9999, if no value available   COMMENT             
DCB values in nanoseconds, reference is Sum_of_SatDCBs = 0  COMMENT             
                                                            END OF HEADER       
[from data line 3861]
    10                                                      START OF TEC MAP    
  2013     1     1    18     0     0                        EPOCH OF CURRENT MAP
    87.5-180.0 180.0   5.0 450.0                            LAT/LON1/LON2/DLON/H
   29   29   28   28   28   29   29   29   29   29   29   29   29   30   30   30
   31   31   31   32   32   32   33   33   33   34   34   35   35   35   35   35
   35   35   35   35   35   35   35   35   35   35   35   35   35   35   35   35
   35   35   35   34   34   34   33   33   32   32   31   31   31   31   31   30
   30   30   30   29   29   29   29   29   29
    85.0-180.0 180.0   5.0 450.0                            LAT/LON1/LON2/DLON/H
   24   24   24   23   23   23   24   24   24   25   25   26   27   27   28   29
   30   31   31   32   33   33   34   34   35   35   36   36   36   37   37   37
   37   37   36   36   36   36   36   36   36   36   36   36   35   35   35   35
   34   34   34   34   34   33   32   31   31   30   29   29   28   28   27   27
   27   27   26   26   25   25   25   24   24
    82.5-180.0 180.0   5.0 450.0                            LAT/LON1/LON2/DLON/H
   21   20   20   20   20   20   20   21   22   23   24   25   26   27   29   30
   31   33   33   35   35   36   37   37   38   39   39   38   38   37   37   36
   36   35   35   35   34   34   34   33   33   33   32   32   32   32   32   32
   32   31   31   31   31   30   30   29   28   27   26   26   25   25   25   25
   24   24   23   23   22   22   22   21   21
    80.0-180.0 180.0   5.0 450.0                            LAT/LON1/LON2/DLON/H
   21   20   21   21   21   21   21   21   22   23   24   26   28   30   32   34
   36   38   40   41   42   41   42   44   43   43   42   40   39   38   37   35
   34   33   33   33   32   32   31   31   30   30   30   29   28   28   27   27
   27   27   26   26   27   27   26   26   25   24   24   23   23   23   22   23
   22   22   22   21   22   21   21   21   21
    77.5-180.0 180.0   5.0 450.0                            LAT/LON1/LON2/DLON/H
   21   22   22   23   23   23   23   23   23   24   26   29   32   34   38   40
   43   45   47   51   52   54   55   52   50   48   46   43   41   39   36   34
   33   31   30   29   28   28   29   28   28   27   26   26   26   25   25   24
   23   23   22   23   23   22   22   23   22   22   22   21   21   21   21   21
   21   21   22   21   21   21   22   22   21
    75.0-180.0 180.0   5.0 450.0                            LAT/LON1/LON2/DLON/H
   24   24   23   24   23   23   23   23   24   27   30   34   38   42   46   50
   55   59   63   65   67   68   66   64   61   57   52   48   43   40   37   34
   32   30   28   27   26   26   25   26   25   25   25   24   23   22   22   21
   20   20   20   20   21   21   21   21   21   21   21   20   20   20   21   21
   20   21   21   22   23   24   24   25   24
    72.5-180.0 180.0   5.0 450.0                            LAT/LON1/LON2/DLON/H
   27   26   25   24   24   23   23   25   28   31   36   41   47   53   59   64
   71   76   80   83   85   84   81   78   73   67   61   55   50   45   40   36
   34   31   29   27   26   25   25   25   24   24   24   23   22   21   20   20
   19   19   19   20   21   21   22   22   22   22   22   21   21   21   21   21
   21   22   23   24   25   27   28   28   27
    70.0-180.0 180.0   5.0 450.0                            LAT/LON1/LON2/DLON/H
   30   29   28   27   26   25   26   28   32   37   44   51   58   65   73   81
   87   94   99  102  104  104   98   93   87   80   73   66   60   53   48   44
   39   35   32   30   28   27   27   26   26   25   25   24   23   22   21   20
   20   20   20   21   23   24   25   26   26   26   25   25   24   24   24   24
   24   24   26   28   29   30   31   31   30
    67.5-180.0 180.0   5.0 450.0                            LAT/LON1/LON2/DLON/H
   33   32   30   29   28   28   29   32   38   44   53   62   70   79   88   96
  104  112  119  123  124  122  116  110  104   96   88   80   73   66   60   54
   48   43   38   34   31   30   28   28   28   27   27   27   26   25   24   23
   23   22   23   24   25   27   29   31   31   32   31   30   29   28   28   29
   29   30   31   32   33   34   34   34   33
    65.0-180.0 180.0   5.0 450.0                            LAT/LON1/LON2/DLON/H
   36   34   32   31   30   31   34   38   45   54   63   73   83   93  103  111
  121  128  137  141  142  140  135  129  121  113  104   96   87   80   74   66
   59   51   45   39   35   32   30   29   30   30   30   30   30   29   28   26
   25   25   26   27   29   31   33   35   37   37   37   36   35   34   34   35
   35   36   36   37   38   38   38   37   36
    62.5-180.0 180.0   5.0 450.0                            LAT/LON1/LON2/DLON/H
   39   38   36   35   34   36   39   46   54   64   75   86   97  108  118  125
  134  142  152  156  157  156  151  145  137  127  117  110  102   94   87   77
   68   59   51   43   37   34   32   31   32   33   34   34   34   33   31   29
   27   26   27   28   30   33   36   39   41   43   43   43   42   42   42   42
   42   43   43   44   43   43   42   41   39
    60.0-180.0 180.0   5.0 450.0                            LAT/LON1/LON2/DLON/H
   44   43   41   40   40   42   48   55   65   77   89  100  111  121  131  139
  147  155  164  167  168  167  164  158  149  139  130  122  114  106   98   88
   78   66   57   48   40   36   34   34   35   37   38   38   38   37   35   32
   30   27   27   29   31   34   38   41   45   47   49   49   49   49   48   49
   49   50   49   49   49   49   48   46   44
    57.5-180.0 180.0   5.0 450.0                            LAT/LON1/LON2/DLON/H
   52   50   49   48   49   52   59   67   78   89  103  116  127  137  147  153
  159  165  171  174  174  174  172  166  158  150  140  132  123  116  107   97
   85   73   62   52   44   40   38   38   39   41   42   42   42   40   38   35
   32   30   29   30   32   35   39   43   46   49   51   52   52   53   53   54
   55   56   55   55   55   55   54   53   52
    55.0-180.0 180.0   5.0 450.0                            LAT/LON1/LON2/DLON/H
   59   58   57   58   61   65   71   81   92  104  117  130  143  153  161  167
  171  174  177  178  178  177  176  173  167  159  149  141  132  123  114  104
   91   79   67   58   51   47   45   44   44   45   46   47   45   44   41   39
   36   34   32   32   33   36   40   43   47   50   52   53   54   55   56   58
   59   60   60   60   61   61   61   60   59
    52.5-180.0 180.0   5.0 450.0                            LAT/LON1/LON2/DLON/H
   66   66   66   69   73   78   85   94  106  118  131  145  157  167  174  180
  182  182  180  179  178  177  177  176  173  167  158  149  139  130  120  108
   96   85   74   66   60   56   53   52   51   51   52   52   50   48   46   44
   41   39   37   37   38   41   44   47   50   51   53   54   55   56   58   60
   62   63   64   64   65   66   66   67   66
    50.0-180.0 180.0   5.0 450.0                            LAT/LON1/LON2/DLON/H
   72   73   75   79   85   92   99  108  119  130  142  156  168  178  186  191
  192  189  184  179  176  176  176  178  178  175  167  158  147  136  126  114
  101   90   81   75   70   66   63   61   59   59   59   57   55   54   52   50
   47   45   44   45   46   48   50   52   54   54   54   55   56   57   59   62
   64   66   66   66   67   69   70   71   72
    47.5-180.0 180.0   5.0 450.0                            LAT/LON1/LON2/DLON/H
   76   78   82   88   96  104  112  121  130  141  152  164  176  188  197  202
  202  197  189  181  177  175  177  180  184  183  177  168  156  145  131  118
  106   96   88   83   79   76   74   72   70   68   66   64   62   60   58   56
   54   53   52   53   54   56   57   59   59   59   58   57   57   58   61   63
   65   66   67   67   67   69   72   75   76
    45.0-180.0 180.0   5.0 450.0                            LAT/LON1/LON2/DLON/H
   77   79   85   92  103  113  122  131  141  151  160  171  182  195  205  211
  212  208  197  187  180  178  180  184  189  191  186  178  166  152  138  123
  111  102   96   91   88   86   84   82   79   76   73   71   69   67   64   62
   60   60   60   62   64   65   65   67   66   64   62   61   60   60   62   64
   66   67   66   66   67   69   72   75   77
    42.5-180.0 180.0   5.0 450.0                            LAT/LON1/LON2/DLON/H
   75   78   84   93  106  118  130  140  150  160  168  177  188  200  212  221
  224  220  209  199  190  185  185  190  196  198  195  187  175  160  144  129
  117  108  103   99   95   93   92   90   87   84   80   78   76   73   69   66
   65   65   67   69   71   72   72   71   70   68   65   64   62   62   63   65
   65   66   65   65   66   68   71   73   75
    40.0-180.0 180.0   5.0 450.0                            LAT/LON1/LON2/DLON/H
   70   73   80   90  104  119  134  147  158  167  175  183  193  204  219  230
  236  234  225  213  203  196  194  197  202  204  200  193  183  167  149  135
  124  116  110  105  102   99   97   95   93   90   87   84   81   77   72   69
   67   67   70   73   75   75   75   73   72   70   67   66   64   63   64   64
   65   65   63   63   64   66   68   69   70
    37.5-180.0 180.0   5.0 450.0                            LAT/LON1/LON2/DLON/H
   63   67   75   85  100  118  136  152  165  177  185  192  200  211  225  239
  249  249  242  231  219  209  205  205  207  207  203  196  187  174  157  142
  130  123  116  111  107  103  101  100   97   96   93   89   84   79   73   69
   67   67   69   72   74   74   73   72   72   70   68   67   65   65   65   65
   64   64   63   62   62   63   63   63   63
    35.0-180.0 180.0   5.0 450.0                            LAT/LON1/LON2/DLON/H
   57   61   69   81   97  116  136  156  172  186  196  203  210  218  232  248
  259  263  259  248  235  223  216  212  210  208  203  197  190  180  166  151
  140  132  124  117  111  107  105  104  103  103   99   94   89   82   75   69
   66   66   68   70   71   71   70   70   69   68   68   68   67   66   66   65
   65   64   62   61   61   60   59   57   57
    32.5-180.0 180.0   5.0 450.0                            LAT/LON1/LON2/DLON/H
   51   55   65   79   95  115  136  157  177  195  208  217  223  229  241  255
  267  273  271  260  247  234  224  217  212  207  202  198  193  186  176  162
  153  144  135  126  117  112  111  112  114  112  109  104   97   88   80   72
   68   67   69   70   70   68   67   66   66   67   68   69   69   69   68   67
   66   66   64   62   61   59   56   53   51
    30.0-180.0 180.0   5.0 450.0                            LAT/LON1/LON2/DLON/H
   51   55   64   80   96  115  137  158  180  202  220  232  237  241  249  260
  272  278  275  266  253  240  228  219  212  206  202  201  199  196  189  179
  171  161  150  139  130  123  122  125  127  125  122  117  109  100   89   80
   75   75   75   75   73   70   67   65   65   66   67   70   71   71   70   70
   69   69   67   65   63   60   57   53   51
    27.5-180.0 180.0   5.0 450.0                            LAT/LON1/LON2/DLON/H
   56   60   70   86  103  120  140  161  184  209  231  246  253  254  257  263
  271  277  274  264  252  240  228  219  212  209  207  208  211  211  208  202
  194  184  173  161  148  140  138  142  143  141  137  133  126  116  105   95
   89   87   87   85   80   76   72   69   67   67   69   71   74   73   73   73
   73   73   72   70   68   65   61   58   56
    25.0-180.0 180.0   5.0 450.0                            LAT/LON1/LON2/DLON/H
   64   70   81   99  115  130  147  167  190  216  240  259  268  267  264  266
  268  271  266  255  245  236  228  222  216  218  219  224  230  233  234  230
  222  214  202  187  173  164  160  163  162  159  155  152  146  136  124  113
  106  104  102   98   93   87   82   77   73   72   73   75   77   76   76   76
   77   77   76   76   74   71   68   64   64
    22.5-180.0 180.0   5.0 450.0                            LAT/LON1/LON2/DLON/H
   73   81   97  116  132  146  159  175  196  224  250  272  283  282  275  269
  266  263  256  245  237  233  231  231  231  236  241  251  259  264  266  262
  257  248  235  217  201  189  182  184  180  177  174  172  166  157  144  132
  125  122  118  113  106   99   93   88   82   79   79   80   79   79   77   78
   79   81   81   81   80   78   75   72   73
    20.0-180.0 180.0   5.0 450.0                            LAT/LON1/LON2/DLON/H
   81   92  112  136  154  167  176  189  207  234  264  288  300  300  290  278
  267  258  250  242  237  238  243  251  258  268  277  289  296  300  301  297
  292  282  269  250  229  213  204  201  197  191  189  188  183  173  159  148
  140  137  132  125  119  112  107  100   93   88   86   85   83   82   79   79
   80   83   84   85   85   84   81   79   81
    17.5-180.0 180.0   5.0 450.0                            LAT/LON1/LON2/DLON/H
   88  102  126  154  176  190  201  211  226  249  281  307  321  323  313  295
  280  268  258  253  250  254  265  281  295  308  320  331  338  338  337  331
  325  314  302  281  256  234  221  213  206  201  198  196  192  181  167  155
  148  142  138  131  126  121  117  111  103   97   94   91   88   84   81   80
   80   81   83   85   86   87   85   84   88
    15.0-180.0 180.0   5.0 450.0                            LAT/LON1/LON2/DLON/H
   91  108  137  170  196  214  225  235  249  271  303  331  349  351  343  325
  309  298  288  283  280  285  300  320  337  352  364  375  379  374  368  359
  352  344  328  305  278  252  233  220  210  203  199  197  192  179  162  149
  141  138  135  131  127  124  123  118  111  104   99   95   90   85   81   79
   78   78   79   81   84   86   86   86   91
    12.5-180.0 180.0   5.0 450.0                            LAT/LON1/LON2/DLON/H
   92  111  144  181  212  235  250  260  277  299  328  360  380  388  383  367
  354  346  338  335  331  335  348  366  383  396  406  412  414  404  392  380
  372  362  347  324  295  265  240  223  210  199  193  189  181  166  147  132
  127  126  127  125  122  121  121  119  114  108  102   97   91   85   81   77
   75   74   73   74   78   81   82   84   92
    10.0-180.0 180.0   5.0 450.0                            LAT/LON1/LON2/DLON/H
   89  111  148  189  224  252  272  286  305  328  356  388  412  427  429  418
  410  409  409  407  402  401  407  418  428  437  442  442  436  423  407  395
  384  374  359  337  308  275  247  225  207  192  182  176  166  150  130  116
  112  115  119  118  115  115  117  117  114  109  103   97   91   85   81   76
   73   70   68   68   70   73   77   80   89
     7.5-180.0 180.0   5.0 450.0                            LAT/LON1/LON2/DLON/H
   86  111  150  195  234  264  289  309  330  355  383  415  443  463  471  470
  470  479  487  486  484  476  470  469  470  471  468  462  452  435  417  404
  392  382  369  349  320  288  257  230  206  186  173  165  154  138  120  107
  106  113  119  117  112  111  113  115  115  110  104   98   93   88   83   79
   74   70   65   62   64   67   71   75   86
     5.0-180.0 180.0   5.0 450.0                            LAT/LON1/LON2/DLON/H
   86  113  153  199  241  275  301  326  351  377  405  436  466  494  507  518
  524  543  560  566  564  546  529  517  506  497  486  475  462  444  426  412
  401  390  380  362  334  304  272  241  212  188  172  162  152  139  124  114
  116  126  131  127  118  115  115  118  119  115  108  103   99   95   91   87
   81   75   68   63   62   65   68   73   86
     2.5-180.0 180.0   5.0 450.0                            LAT/LON1/LON2/DLON/H
   91  117  157  202  245  281  311  335  365  393  419  448  480  507  529  547
  565  589  612  625  623  600  574  552  533  515  498  483  469  451  435  421
  411  402  392  375  351  322  291  259  228  202  186  175  165  155  145  140
  144  157  160  152  138  128  126  128  129  125  118  113  109  106  103   99
   93   86   77   71   68   69   71   76   91
