Gnsser/Gnsser.Winform/bin/Debug/Data/IgsProduct/igsg0020.18i
     1.0            IONOSPHERE MAPS     MIX                 IONEX VERSION / TYPE
cmpcmb v1.2          GRL/UWM            18-jan-18 12:41     PGM / RUN BY / DATE 
ionex file containing IGS COMBINED Ionosphere maps          COMMENT             
global ionosphere maps for day 002, 2018                    DESCRIPTION         
IONEX file containing the COMBINED IGS TEC MAPS and DCBs    DESCRIPTION         
      IONEX files of the following IAACs were combined: cod DESCRIPTION         
                                                        jpl DESCRIPTION         
Contact address: Andrzej Krankowski                         DESCRIPTION
                 Geodynamics Research Laboratory            DESCRIPTION
                 University of Warmia and Mazury (GRL/UWM)  DESCRIPTION
                 Oczapowski St. 1                           DESCRIPTION
                 10-957-Olsztyn, POLAND                     DESCRIPTION
                 e-mail:  kand@uwm.edu.pl                   DESCRIPTION
                                                            DESCRIPTION         
  2018     1     2     0     0     0                        EPOCH OF FIRST MAP  
  2018     1     3     0     0     0                        EPOCH OF LAST MAP   
  7200                                                      INTERVAL            
    13                                                      # OF MAPS IN FILE   
  COSZ                                                      MAPPING FUNCTION    
     0.0                                                    ELEVATION CUTOFF    
combined TEC calculated as weighted mean of input TEC valuesOBSERVABLES USED    
   327                                                      # OF STATIONS       
    32                                                      # OF SATELLITES     
  6371.0                                                    BASE RADIUS         
     2                                                      MAP DIMENSION       
   450.0 450.0   0.0                                        HGT1 / HGT2 / DHGT  
    87.5 -87.5  -2.5                                        LAT1 / LAT2 / DLAT  
  -180.0 180.0   5.0                                        LON1 / LON2 / DLON  
    -1                                                      EXPONENT            
TEC values in 0.1 tec units;  9999, if no value available   COMMENT             
DCB values in nanoseconds, reference is Sum_of_SatDCBs = 0  COMMENT             
                                                            END OF HEADER       
[from data line 3003]
     8                                                      START OF TEC MAP    
  2018     1     2    14     0     0                        EPOCH OF CURRENT MAP
    87.5-180.0 180.0   5.0 450.0                            LAT/LON1/LON2/DLON/H
   19   18   18   18   18   18   18   18   18   17   17   17   17   17   17   17
   17   17   17   17   16   16   16   16   16   15   15   15   15   15   15   15
   15   15   15   15   15   15   15   15   15   15   15   16   16   16   16   17
   17   17   18   18   18   18   18   19   19   19   19   19   19   19   19   19
   19   19   19   19   19   19   19   19   19
    85.0-180.0 180.0   5.0 450.0                            LAT/LON1/LON2/DLON/H
   20   20   20   20   20   20   20   20   19   19   19   19   19   19   19   19
   19   19   18   18   18   18   18   17   17   17   17   16   16   16   15   15
   15   15   14   14   14   14   14   14   14   14   15   15   15   16   16   17
   17   18   19   20   20   21   21   22   22   22   23   23   23   23   23   23
   23   22   22   22   22   21   21   21   20
    82.5-180.0 180.0   5.0 450.0                            LAT/LON1/LON2/DLON/H
   22   21   21   21   21   21   22   22   22   22   22   23   23   23   23   23
   22   22   22   22   21   21   20   20   19   19   18   18   17   17   17   16
   16   15   15   14   14   13   13   13   13   13   13   13   14   15   15   17
   18   19   20   21   22   23   24   25   25   26   26   26   26   26   26   26
   25   25   24   24   24   23   23   22   22
    80.0-180.0 180.0   5.0 450.0                            LAT/LON1/LON2/DLON/H
   23   22   22   22   22   23   23   24   24   24   25   26   26   27   27   27
   26   26   26   25   25   24   23   22   22   22   21   21   20   20   19   19
   18   17   16   16   15   14   13   12   12   12   12   12   12   13   14   16
   17   18   20   21   23   25   26   26   27   28   28   28   28   28   27   27
   27   26   26   25   25   24   24   23   23
    77.5-180.0 180.0   5.0 450.0                            LAT/LON1/LON2/DLON/H
   23   23   23   23   23   23   24   25   26   26   28   29   30   30   31   31
   31   30   29   29   28   27   26   25   24   24   24   24   23   23   23   23
   22   21   20   18   17   16   14   13   12   11   11   11   11   12   13   14
   15   18   19   21   23   24   25   26   27   27   27   27   28   27   27   27
   26   26   26   25   25   24   24   24   23
    75.0-180.0 180.0   5.0 450.0                            LAT/LON1/LON2/DLON/H
   23   23   23   22   23   23   24   25   26   27   28   30   31   32   33   33
   34   33   32   31   30   29   28   27   27   26   27   27   28   28   28   27
   27   26   24   23   21   18   16   14   13   12   10   10   10   10   10   12
   13   15   17   19   21   22   23   24   24   24   24   24   24   24   24   24
   24   24   24   24   24   24   23   23   23
    72.5-180.0 180.0   5.0 450.0                            LAT/LON1/LON2/DLON/H
   22   22   21   21   21   22   22   23   24   26   27   29   31   32   33   34
   34   34   33   32   31   30   30   29   28   29   29   30   31   32   32   32
   32   31   29   27   25   22   19   17   15   13   11   10   10    9    9    9
   11   12   14   16   18   19   19   20   21   20   20   20   20   20   20   21
   21   21   22   22   22   22   22   22   22
    70.0-180.0 180.0   5.0 450.0                            LAT/LON1/LON2/DLON/H
   20   20   19   19   19   20   20   20   21   23   24   26   28   29   31   32
   33   32   32   32   31   31   31   30   31   31   31   32   34   36   37   37
   37   36   34   32   29   25   22   19   17   15   13   11   10    9    8    8
    8   10   11   13   14   16   16   16   16   16   16   16   16   16   17   18
   19   20   21   21   21   22   21   20   20
    67.5-180.0 180.0   5.0 450.0                            LAT/LON1/LON2/DLON/H
   19   18   17   17   17   17   17   17   18   18   20   21   22   24   26   27
   28   29   30   30   31   31   32   32   33   33   33   34   37   39   41   42
   42   41   38   36   32   28   25   22   20   19   17   15   13   10    8    7
    7    8    9   10   11   13   13   13   13   13   13   13   14   15   16   17
   19   20   21   22   22   21   21   20   19
    65.0-180.0 180.0   5.0 450.0                            LAT/LON1/LON2/DLON/H
   18   18   17   17   16   16   16   16   15   15   15   16   17   18   20   21
   23   24   26   28   30   32   33   34   35   35   36   37   39   42   44   45
   46   44   42   38   34   30   27   25   23   23   22   20   17   14   11    9
    8    8    9   10   10   11   12   12   12   13   13   14   15   16   18   19
   21   22   23   24   24   23   21   20   18
    62.5-180.0 180.0   5.0 450.0                            LAT/LON1/LON2/DLON/H
   20   19   18   18   17   17   16   16   14   13   12   12   12   13   14   16
   18   20   23   26   30   32   35   37   38   39   40   40   43   45   47   49
   50   48   46   41   37   33   29   28   27   28   27   26   24   20   16   13
   11   10   10   11   11   12   12   13   13   14   15   17   19   20   23   25
   27   28   29   29   28   26   24   22   20
    60.0-180.0 180.0   5.0 450.0                            LAT/LON1/LON2/DLON/H
   23   22   21   21   21   20   19   18   15   13   11   10   10   10   11   12
   14   17   21   26   30   34   38   41   42   43   43   44   46   49   52   54
   55   53   50   45   40   36   33   31   32   33   34   34   31   28   23   19
   16   14   14   14   13   13   14   15   16   18   20   22   25   27   30   32
   33   35   35   34   33   30   28   25   23
    57.5-180.0 180.0   5.0 450.0                            LAT/LON1/LON2/DLON/H
   30   29   28   28   27   26   25   23   20   17   14   12   11   10   11   11
   14   17   22   27   32   37   41   44   46   48   48   49   52   54   57   59
   60   58   55   50   45   41   38   38   38   40   42   43   40   36   32   27
   24   21   20   19   18   18   18   19   21   22   25   28   31   34   37   39
   41   42   42   41   39   36   33   31   30
    55.0-180.0 180.0   5.0 450.0                            LAT/LON1/LON2/DLON/H
   37   37   36   36   36   35   33   30   27   23   20   17   15   14   13   14
   16   20   25   30   36   40   45   49   51   53   54   56   58   61   64   66
   66   64   61   57   52   48   46   47   48   50   51   52   50   46   41   36
   32   30   28   27   26   25   25   25   26   28   30   33   37   40   44   46
   48   48   47   46   44   42   40   38   37
    52.5-180.0 180.0   5.0 450.0                            LAT/LON1/LON2/DLON/H
   45   45   45   45   45   44   43   41   37   33   28   25   22   19   18   19
   21   25   30   36   41   45   50   53   56   59   61   64   66   69   71   72
   72   71   68   64   62   59   58   58   60   62   63   63   60   56   50   45
   41   39   38   37   36   34   32   31   32   33   35   38   41   45   49   52
   53   53   52   50   48   46   45   45   45
    50.0-180.0 180.0   5.0 450.0                            LAT/LON1/LON2/DLON/H
   52   53   53   54   53   53   52   50   47   43   38   34   30   27   25   25
   28   32   38   43   47   52   55   59   62   66   69   72   74   77   79   79
   79   77   76   74   72   72   72   73   74   75   76   74   71   66   59   54
   50   49   48   47   46   44   41   39   37   37   38   40   44   48   52   55
   56   56   54   53   51   50   49   50   52
    47.5-180.0 180.0   5.0 450.0                            LAT/LON1/LON2/DLON/H
   57   59   60   60   60   60   60   59   57   54   49   45   39   35   32   33
   35   40   46   52   56   59   62   65   69   73   76   80   82   84   84   84
   84   83   83   83   84   86   87   89   89   89   88   86   82   75   68   62
   59   58   58   57   55   52   49   46   43   41   41   43   45   50   54   56
   58   57   56   54   53   52   53   55   57
    45.0-180.0 180.0   5.0 450.0                            LAT/LON1/LON2/DLON/H
   58   60   61   62   63   64   65   66   65   63   60   55   48   43   40   39
   43   49   56   62   66   68   70   73   77   81   85   88   89   88   88   87
   87   87   89   91   95   99  102  105  104  103  100   97   92   84   76   69
   66   65   66   65   63   60   57   52   48   45   44   44   47   51   55   57
   59   58   57   55   54   53   54   56   58
    42.5-180.0 180.0   5.0 450.0                            LAT/LON1/LON2/DLON/H
   58   60   61   62   63   65   67   69   70   70   68   64   57   51   47   46
   50   58   67   72   76   77   79   81   85   90   94   95   94   92   90   89
   89   90   93   98  104  111  116  120  119  116  112  107  100   92   83   75
   71   70   71   70   69   66   63   59   54   49   47   46   47   51   55   58
   59   58   57   55   53   53   54   56   58
    40.0-180.0 180.0   5.0 450.0                            LAT/LON1/LON2/DLON/H
   55   57   58   58   59   62   65   68   72   74   74   71   65   58   54   53
   58   67   76   83   85   87   88   90   94   99  102  102   99   94   92   90
   91   94   98  103  111  120  128  132  131  127  122  116  109   99   88   79
   74   73   73   72   71   69   67   63   59   54   50   48   49   52   55   58
   59   58   56   54   52   51   52   54   55
    37.5-180.0 180.0   5.0 450.0                            LAT/LON1/LON2/DLON/H
   52   53   53   54   55   58   61   66   71   75   77   76   72   66   61   60
   66   76   86   92   95   96   98   99  103  108  110  108  103   97   94   94
   95   98  102  109  118  129  138  143  142  137  131  125  116  105   93   83
   77   74   73   73   72   71   69   67   63   59   54   52   52   54   56   58
   59   58   56   52   49   49   49   51   52
    35.0-180.0 180.0   5.0 450.0                            LAT/LON1/LON2/DLON/H
   48   48   49   50   51   54   57   62   68   73   79   80   78   73   69   69
   74   84   95  101  104  105  107  109  112  115  117  114  107  102   99  100
  103  107  111  117  126  136  146  152  151  146  140  133  123  111   98   87
   81   77   74   73   72   71   71   69   66   62   58   56   55   56   58   59
   60   58   54   50   47   45   46   47   48
    32.5-180.0 180.0   5.0 450.0                            LAT/LON1/LON2/DLON/H
   46   46   46   47   48   51   54   58   64   71   78   82   83   80   76   77
   83   92  102  108  111  113  116  118  121  123  122  119  113  109  109  113
  118  121  123  128  135  145  155  161  160  155  149  142  132  119  105   94
   87   83   78   75   73   72   72   71   69   66   62   60   59   59   60   60
   60   58   53   48   44   42   43   44   46
    30.0-180.0 180.0   5.0 450.0                            LAT/LON1/LON2/DLON/H
   44   45   45   46   49   51   53   56   59   66   75   82   85   85   83   84
   90   99  107  113  117  121  124  126  127  128  127  124  121  119  123  130
  138  141  143  144  148  156  165  170  170  165  160  153  143  130  117  106
   98   92   87   81   76   74   73   73   71   68   65   64   62   62   61   61
   60   57   52   47   43   41   41   43   44
    27.5-180.0 180.0   5.0 450.0                            LAT/LON1/LON2/DLON/H
   45   45   46   48   51   53   54   54   56   61   70   79   85   86   87   90
   97  105  112  117  122  127  131  133  133  133  132  131  130  132  141  153
  164  169  168  165  164  169  176  180  179  176  172  167  158  146  133  123
  115  108  100   90   82   78   75   74   72   70   68   66   65   63   62   61
   59   56   51   46   43   41   42   43   45
    25.0-180.0 180.0   5.0 450.0                            LAT/LON1/LON2/DLON/H
   47   48   49   51   54   56   55   53   52   55   63   74   81   85   89   94
  102  110  116  120  125  132  137  139  138  137  137  137  141  148  161  179
  193  199  196  189  183  182  187  189  189  187  185  182  176  166  154  144
  136  127  116  103   91   83   79   76   73   71   69   67   65   63   61   60
   58   55   51   47   44   44   45   46   47
    22.5-180.0 180.0   5.0 450.0                            LAT/LON1/LON2/DLON/H
   51   51   53   55   58   59   57   53   50   49   56   66   75   81   87   95
  105  113  119  122  128  135  141  143  141  140  142  146  153  165  182  204
  222  229  224  212  201  196  198  199  199  198  198  199  196  188  178  168
  158  147  132  116  100   89   83   79   76   72   69   67   64   61   59   57
   56   54   51   48   48   48   49   50   51
    20.0-180.0 180.0   5.0 450.0                            LAT/LON1/LON2/DLON/H
   55   55   55   58   60   61   58   53   47   44   49   58   68   76   84   95
  108  116  121  125  130  137  143  144  144  144  148  156  167  182  203  227
  246  254  248  233  218  209  208  208  207  208  210  215  215  210  201  190
  179  165  148  128  109   96   88   83   78   73   69   65   61   58   56   54
   53   52   50   51   52   53   55   55   55
    17.5-180.0 180.0   5.0 450.0                            LAT/LON1/LON2/DLON/H
   58   57   57   59   61   61   58   53   46   42   44   53   61   70   81   95
  109  119  124  128  132  138  144  147  147  149  156  166  181  197  219  244
  264  271  264  247  230  220  217  216  215  216  221  228  230  227  219  208
  194  177  158  136  117  103   94   89   82   76   69   63   58   54   52   50
   49   49   50   52   55   58   59   59   58
    15.0-180.0 180.0   5.0 450.0                            LAT/LON1/LON2/DLON/H
   59   56   55   58   59   59   56   52   46   41   42   49   58   67   80   96
  112  123  129  131  136  141  148  151  152  157  165  179  194  210  231  254
  272  277  270  255  239  230  225  224  223  224  230  236  240  238  230  217
  202  185  164  142  123  109  101   95   88   80   71   63   56   52   49   47
   47   48   50   53   58   62   62   61   59
    12.5-180.0 180.0   5.0 450.0                            LAT/LON1/LON2/DLON/H
   57   54   52   54   54   55   54   51   47   43   43   49   57   67   82   99
  116  128  134  138  142  148  154  158  161  168  178  192  207  221  238  257
  271  275  268  257  246  239  236  233  231  232  236  241  243  240  232  221
  206  187  166  145  127  115  109  103   96   86   76   66   59   53   49   47
   46   47   50   55   60   63   64   61   57
    10.0-180.0 180.0   5.0 450.0                            LAT/LON1/LON2/DLON/H
   54   50   47   48   49   49   50   49   48   45   45   50   58   70   86  104
  121  133  142  147  152  158  165  171  176  183  193  206  218  229  240  255
  265  268  265  259  254  251  248  245  242  240  240  242  240  237  229  218
  204  186  167  148  132  121  116  111  103   93   82   73   65   58   54   50
   48   48   51   56   60   63   62   59   54
     7.5-180.0 180.0   5.0 450.0                            LAT/LON1/LON2/DLON/H
   50   45   42   42   43   44   46   47   47   46   48   53   61   75   92  110
  126  139  149  157  164  173  181  187  194  201  210  220  229  235  243  251
  259  263  263  264  265  266  264  261  256  250  244  239  235  230  223  215
  202  186  168  150  136  128  123  119  111  101   91   83   75   68   62   58
   54   52   53   57   61   63   61   56   50
     5.0-180.0 180.0   5.0 450.0                            LAT/LON1/LON2/DLON/H
   49   42   39   37   37   39   42   44   46   47   49   55   65   81   99  116
  131  145  157  168  178  188  197  206  213  219  226  232  236  240  244  249
  256  261  268  274  280  284  283  278  269  259  247  237  228  222  217  211
  203  188  172  156  144  136  131  125  117  108   99   93   87   79   73   66
   61   56   56   58   61   63   61   56   49
     2.5-180.0 180.0   5.0 450.0                            LAT/LON1/LON2/DLON/H
   50   44   38   36   35   37   39   41   44   45   49   56   68   86  104  121
  135  149  164  178  191  204  214  223  230  235  239  241  242  243  246  251
  259  268  279  289  298  302  301  294  282  268  251  235  224  217  214  211
  206  195  180  165  153  144  137  130  121  112  105  101   96   91   84   76
   69   62   60   61   64   65   63   57   50
