Gnsser/Gnsser.Winform/bin/Debug/Data/IgsProduct/igsg0010.13i
     1.0            IONOSPHERE MAPS     MIX                 IONEX VERSION / TYPE
cmpcmb v1.2          GRL/UWM            15-jan-13 16:42     PGM / RUN BY / DATE 
ionex file containing IGS COMBINED Ionosphere maps          COMMENT             
global ionosphere maps for day 001, 2013                    DESCRIPTION         
IONEX file containing the COMBINED IGS TEC MAPS and DCBs    DESCRIPTION         
      IONEX files of the following IAACs were combined: cod DESCRIPTION         
                                                        esa DESCRIPTION         
                                                        jpl DESCRIPTION         
                                                        upc DESCRIPTION         
Contact address: Andrzej Krankowski                         DESCRIPTION
                 Geodynamics Research Laboratory            DESCRIPTION
                 University of Warmia and Mazury (GRL/UWM)  DESCRIPTION
                 Oczapowski St. 1                           DESCRIPTION
                 10-957-Olsztyn, POLAND                     DESCRIPTION
                 e-mail:  kand@uwm.edu.pl                   DESCRIPTION
                                                            DESCRIPTION         
  2013     1     1     0     0     0                        EPOCH OF FIRST MAP  
  2013     1     2     0     0     0                        EPOCH OF LAST MAP   
  7200                                                      INTERVAL            
    13                                                      # OF MAPS IN FILE   
  COSZ                                                      MAPPING FUNCTION    
     0.0                                                    ELEVATION CUTOFF    
combined TEC calculated as weighted mean of input TEC valuesOBSERVABLES USED    
   422                                                      # OF STATIONS       
    32                                                      # OF SATELLITES     
  6371.0                                                    BASE RADIUS         
     2                                                      MAP DIMENSION       
   450.0 450.0   0.0                                        HGT1 / HGT2 / DHGT  
    87.5 -87.5  -2.5                                        LAT1 / LAT2 / DLAT  
  -180.0 180.0   5.0                                        LON1 / LON2 / DLON  
    -1                                                      EXPONENT            
TEC values in 0.1 tec units;  9999, if no value available   COMMENT             
DCB values in nanoseconds, reference is Sum_of_SatDCBs = 0  COMMENT             
                                                            END OF HEADER       
[from data line 4290]
    11                                                      START OF TEC MAP    
  2013     1     1    20     0     0                        EPOCH OF CURRENT MAP
    87.5-180.0 180.0   5.0 450.0                            LAT/LON1/LON2/DLON/H
   21   21   21   21   21   22   22   22   23   24   24   25   25   26   27   28
   28   29   30   31   31   32   33   33   34   34   35   35   35   36   35   36
   35   36   36   35   36   36   36   35   35   35   34   34   33   33   33   32
   32   31   30   30   29   29   28   28   27   26   26   25   25   24   24   23
   23   23   22   22   21   21   21   21   21
    85.0-180.0 180.0   5.0 450.0                            LAT/LON1/LON2/DLON/H
   19   18   19   19   19   19   19   20   21   22   23   24   25   27   28   29
   31   32   34   35   36   37   38   38   39   40   41   41   42   42   42   42
   42   42   42   42   42   41   41   40   39   39   38   37   36   35   34   33
   32   31   31   30   29   29   28   28   27   27   25   24   24   23   22   22
   21   20   20   19   19   19   19   19   19
    82.5-180.0 180.0   5.0 450.0                            LAT/LON1/LON2/DLON/H
   19   19   19   19   19   19   20   20   21   22   24   26   28   30   32   33
   35   37   39   41   42   43   44   45   46   47   48   48   48   48   48   48
   48   48   48   48   48   48   47   46   45   43   42   40   38   37   35   34
   33   31   30   29   29   28   27   27   27   26   26   25   24   23   23   22
   21   21   20   20   20   19   19   19   19
    80.0-180.0 180.0   5.0 450.0                            LAT/LON1/LON2/DLON/H
   19   19   20   20   20   21   22   23   24   26   29   31   34   37   39   42
   44   46   48   49   51   51   52   52   53   52   52   51   51   50   50   49
   50   49   49   49   49   48   47   46   46   45   44   42   40   37   35   33
   32   29   28   28   27   27   26   26   26   25   25   24   24   24   24   23
   23   22   20   20   20   20   19   19   19
    77.5-180.0 180.0   5.0 450.0                            LAT/LON1/LON2/DLON/H
   20   20   21   22   23   24   25   27   31   35   39   43   46   49   54   58
   60   61   62   61   61   61   60   58   56   55   54   52   50   49   48   47
   46   45   45   45   44   43   44   43   42   41   41   40   38   36   34   31
   30   28   27   26   26   25   25   24   24   24   24   24   25   25   25   24
   24   23   22   20   20   20   20   19   20
    75.0-180.0 180.0   5.0 450.0                            LAT/LON1/LON2/DLON/H
   21   22   23   25   26   30   34   39   44   49   55   59   64   68   71   74
   75   75   74   74   73   70   67   64   60   56   53   50   48   46   43   42
   41   41   41   40   39   38   38   37   37   36   36   35   35   33   32   29
   28   26   25   24   24   23   23   23   22   22   23   24   25   25   25   25
   25   24   23   23   21   20   20   20   21
    72.5-180.0 180.0   5.0 450.0                            LAT/LON1/LON2/DLON/H
   24   26   30   34   38   42   48   54   60   67   73   78   82   88   90   91
   94   93   92   89   84   80   75   69   63   58   51   47   43   41   39   37
   36   36   36   35   35   34   33   33   32   32   31   32   32   31   30   29
   28   27   25   24   23   22   22   21   21   22   23   23   25   26   26   26
   26   26   25   24   24   23   22   23   24
    70.0-180.0 180.0   5.0 450.0                            LAT/LON1/LON2/DLON/H
   30   34   38   44   50   57   64   71   78   85   93   99  104  108  111  113
  113  113  109  102   96   90   83   74   67   60   53   47   43   39   36   34
   33   32   31   31   31   30   29   29   29   29   29   30   31   31   31   31
   30   29   27   26   25   23   22   22   22   22   23   25   26   27   27   28
   28   27   27   26   26   26   26   27   30
    67.5-180.0 180.0   5.0 450.0                            LAT/LON1/LON2/DLON/H
   37   42   48   55   64   72   79   87   95  104  111  118  124  128  130  134
  134  130  126  117  110  103   93   83   73   66   58   51   46   41   37   34
   32   31   30   28   27   27   26   27   27   27   28   30   32   32   33   34
   34   33   31   30   28   26   25   25   24   25   25   27   28   29   30   30
   31   30   29   29   29   29   30   32   37
    65.0-180.0 180.0   5.0 450.0                            LAT/LON1/LON2/DLON/H
   43   50   58   67   76   86   93  102  111  119  127  134  140  145  149  152
  151  148  143  137  129  119  107   96   85   76   68   61   53   47   42   38
   35   33   30   28   26   25   24   25   26   27   29   31   33   34   36   37
   37   36   35   33   31   29   28   28   28   28   29   30   32   33   34   34
   34   34   33   32   32   32   34   38   43
    62.5-180.0 180.0   5.0 450.0                            LAT/LON1/LON2/DLON/H
   50   58   67   79   89   98  107  115  124  132  140  147  153  159  164  166
  166  163  160  154  144  135  122  111   99   89   80   71   63   55   49   44
   40   37   32   29   26   25   24   25   27   29   31   34   36   38   39   39
   39   38   37   35   34   33   32   31   31   32   34   35   37   38   40   40
   40   39   38   37   36   36   39   43   50
    60.0-180.0 180.0   5.0 450.0                            LAT/LON1/LON2/DLON/H
   56   65   77   89  100  110  120  128  135  143  151  157  163  169  174  177
  178  177  175  169  158  148  135  124  112  101   90   81   72   64   57   50
   46   41   35   31   28   27   27   29   31   32   35   37   39   40   41   41
   40   39   39   38   36   36   35   35   36   37   39   40   42   44   46   47
   47   46   44   42   41   42   45   49   56
    57.5-180.0 180.0   5.0 450.0                            LAT/LON1/LON2/DLON/H
   63   73   85   97  110  121  131  140  147  154  159  166  171  177  182  185
  187  188  187  181  170  159  146  133  121  110   99   90   80   72   64   56
   51   47   42   37   34   32   32   35   37   39   40   41   42   42   42   41
   40   39   40   40   39   39   39   39   40   42   43   45   46   49   51   51
   52   51   49   48   47   48   50   55   63
    55.0-180.0 180.0   5.0 450.0                            LAT/LON1/LON2/DLON/H
   70   80   92  108  121  133  144  152  160  166  169  174  177  182  187  190
  193  194  193  188  180  168  153  140  127  116  105   95   86   78   70   62
   56   52   48   46   42   41   41   42   45   46   46   46   45   44   43   41
   39   39   39   40   41   42   43   44   45   47   47   49   51   53   54   55
   55   55   54   53   53   53   56   61   70
    52.5-180.0 180.0   5.0 450.0                            LAT/LON1/LON2/DLON/H
   75   87  102  117  131  146  158  168  176  179  180  183  185  187  190  193
  196  197  197  193  185  174  159  145  132  121  110  101   90   82   75   68
   62   58   55   53   51   50   51   52   54   55   54   52   51   48   45   41
   39   38   39   41   43   46   48   50   51   52   52   53   54   55   57   57
   58   58   58   57   57   58   61   67   75
    50.0-180.0 180.0   5.0 450.0                            LAT/LON1/LON2/DLON/H
   82   94  109  126  143  159  174  185  193  196  195  194  194  193  194  196
  197  198  197  194  188  178  164  151  138  125  115  105   96   87   79   73
   68   64   63   62   61   61   62   62   63   64   62   60   57   54   48   44
   42   41   43   45   47   50   53   55   56   57   57   57   57   57   58   59
   60   61   61   61   61   62   66   72   82
    47.5-180.0 180.0   5.0 450.0                            LAT/LON1/LON2/DLON/H
   88  102  119  137  154  171  188  201  211  214  213  208  205  202  200  199
  198  198  197  194  189  182  171  159  146  134  122  112  102   92   84   79
   74   71   70   70   70   72   73   73   73   72   70   67   64   60   55   51
   49   48   49   51   53   56   59   61   62   61   61   60   59   59   59   60
   61   62   63   63   63   65   69   77   88
    45.0-180.0 180.0   5.0 450.0                            LAT/LON1/LON2/DLON/H
   94  111  129  146  163  181  198  214  226  231  232  227  221  214  209  206
  202  200  196  193  190  186  180  170  159  146  134  121  110   99   90   83
   79   77   77   78   79   81   82   82   81   79   76   73   70   67   63   60
   57   56   57   59   61   63   65   66   66   66   64   63   61   60   60   61
   62   64   64   65   65   67   73   82   94
    42.5-180.0 180.0   5.0 450.0                            LAT/LON1/LON2/DLON/H
  102  120  138  154  169  184  202  221  236  245  248  245  239  231  223  217
  210  204  198  194  193  192  191  185  176  163  147  133  120  108   97   87
   83   83   85   86   88   88   89   88   86   84   81   78   76   73   70   68
   66   65   66   67   68   69   69   69   69   67   66   64   62   61   61   62
   64   65   65   66   67   70   76   87  102
    40.0-180.0 180.0   5.0 450.0                            LAT/LON1/LON2/DLON/H
  109  128  146  160  172  185  200  219  238  253  262  263  258  250  241  233
  223  213  203  198  197  200  203  202  194  180  162  146  130  117  104   94
   90   90   93   94   95   94   93   91   89   86   83   81   79   78   76   74
   73   72   72   73   73   73   72   70   69   68   66   64   63   62   62   63
   64   65   66   67   68   72   81   93  109
    37.5-180.0 180.0   5.0 450.0                            LAT/LON1/LON2/DLON/H
  116  135  151  163  172  181  195  214  236  256  272  278  277  271  262  252
  240  226  213  206  205  210  216  217  210  196  175  158  142  126  112  102
   98   99  101  103  101   99   96   94   90   87   83   81   80   80   79   78
   77   75   75   75   74   74   72   70   68   67   65   64   63   63   63   63
   64   65   66   67   70   76   86  100  116
    35.0-180.0 180.0   5.0 450.0                            LAT/LON1/LON2/DLON/H
  124  142  157  166  171  176  187  205  228  254  276  289  292  290  282  272
  259  243  226  216  215  220  226  228  223  207  186  168  152  136  122  112
  108  109  112  112  109  103   99   95   91   87   83   80   79   79   79   78
   77   75   74   75   74   72   71   69   67   66   64   64   64   64   64   65
   66   67   67   68   72   80   92  107  124
    32.5-180.0 180.0   5.0 450.0                            LAT/LON1/LON2/DLON/H
  133  150  162  169  172  175  182  197  219  248  277  296  305  306  301  292
  278  259  241  229  224  227  232  233  227  212  191  174  159  146  134  123
  120  122  123  122  117  109  103   99   95   90   85   81   79   78   77   76
   74   73   73   73   72   71   70   68   66   65   65   65   65   66   66   68
   69   70   71   71   76   85   99  116  133
    30.0-180.0 180.0   5.0 450.0                            LAT/LON1/LON2/DLON/H
  143  159  170  177  178  179  184  195  215  244  275  299  313  317  314  309
  295  276  255  240  232  230  233  231  224  210  192  178  167  157  147  138
  135  137  138  137  130  121  112  107  102   97   91   85   82   79   77   74
   73   71   71   71   72   71   71   69   68   67   66   66   67   69   69   70
   71   72   73   75   81   92  108  126  143
    27.5-180.0 180.0   5.0 450.0                            LAT/LON1/LON2/DLON/H
  156  170  182  189  193  194  195  203  217  244  275  300  315  322  324  321
  307  289  267  248  237  230  228  224  218  205  192  183  177  172  164  157
  153  154  157  156  149  138  128  122  116  108  101   94   89   84   81   77
   74   72   72   72   72   73   74   73   70   69   68   69   69   71   72   73
   74   75   75   79   87  102  121  140  156
    25.0-180.0 180.0   5.0 450.0                            LAT/LON1/LON2/DLON/H
  174  187  199  208  215  218  220  224  233  253  280  303  317  326  329  328
  317  299  276  254  238  227  221  217  210  202  195  193  194  193  187  179
  175  175  178  178  171  160  150  140  131  122  112  106   99   93   88   84
   81   77   76   76   76   78   78   77   74   72   70   71   71   72   73   75
   76   76   77   82   93  112  134  155  174
    22.5-180.0 180.0   5.0 450.0                            LAT/LON1/LON2/DLON/H
  192  208  224  235  246  254  260  259  263  276  297  313  324  333  337  335
  325  308  284  261  240  224  216  212  209  208  208  214  219  220  215  206
  199  198  200  198  191  181  169  157  146  136  124  118  111  105   99   94
   91   87   84   84   83   84   83   81   78   75   73   72   72   72   73   75
   76   77   79   85   99  121  147  172  192
    20.0-180.0 180.0   5.0 450.0                            LAT/LON1/LON2/DLON/H
  214  233  250  267  285  298  310  310  310  318  327  336  344  350  355  349
  338  322  298  270  247  228  218  216  218  225  233  245  253  255  249  237
  225  220  219  217  209  198  185  171  158  145  134  127  121  115  109  105
  102   98   95   93   91   90   88   87   83   78   74   72   71   70   71   73
   75   77   80   88  105  131  161  190  214
    17.5-180.0 180.0   5.0 450.0                            LAT/LON1/LON2/DLON/H
  233  256  277  304  327  348  364  370  372  370  370  377  380  383  385  375
  360  341  318  287  260  240  231  232  239  253  267  283  293  293  284  266
  250  238  235  230  221  209  195  180  165  151  141  134  128  121  116  113
  111  107  104  100   97   96   93   91   86   81   76   72   69   68   69   71
   73   75   80   91  111  140  173  206  233
    15.0-180.0 180.0   5.0 450.0                            LAT/LON1/LON2/DLON/H
  250  276  302  334  365  393  419  436  438  432  428  431  431  436  431  420
  395  372  346  314  284  263  254  258  271  288  307  323  333  330  317  294
  270  253  244  236  226  214  201  185  167  153  143  136  129  122  117  115
  115  114  110  106  102   99   95   92   86   81   76   72   68   65   66   69
   72   75   81   95  119  150  185  222  250
    12.5-180.0 180.0   5.0 450.0                            LAT/LON1/LON2/DLON/H
  266  292  321  357  394  429  464  490  497  494  490  492  495  502  493  478
  445  417  386  353  321  298  290  297  312  333  352  366  371  365  346  317
  287  263  248  236  226  215  201  185  167  153  143  135  126  118  113  114
  115  116  113  108  104   99   95   90   84   79   75   70   66   62   62   66
   70   73   82  100  126  160  199  234  266
    10.0-180.0 180.0   5.0 450.0                            LAT/LON1/LON2/DLON/H
  276  305  334  372  412  451  493  527  541  543  543  548  557  571  564  547
  505  473  440  405  372  346  338  345  359  378  393  402  404  393  370  336
  300  269  250  235  224  213  201  184  167  153  142  132  122  112  106  108
  111  115  113  110  104   99   94   88   83   79   75   70   65   61   60   64
   68   73   83  103  133  169  209  245  276
     7.5-180.0 180.0   5.0 450.0                            LAT/LON1/LON2/DLON/H
  283  311  341  377  417  459  501  538  562  571  576  587  605  626  630  612
  571  535  497  464  431  403  392  396  405  419  428  431  428  416  389  351
  311  277  253  235  222  212  201  185  170  156  146  134  122  111  103  103
  108  113  114  111  107  101   95   89   84   81   78   74   68   63   62   66
   69   75   86  109  140  177  216  252  283
     5.0-180.0 180.0   5.0 450.0                            LAT/LON1/LON2/DLON/H
  286  314  343  376  412  451  491  529  556  573  583  601  627  656  676  662
  625  587  551  520  488  461  446  445  446  451  453  450  444  432  405  367
  324  288  259  239  225  215  205  192  179  169  160  148  134  122  111  107
  111  116  118  117  114  108  102   96   91   88   85   81   75   70   68   71
   75   80   93  117  149  185  222  257  286
     2.5-180.0 180.0   5.0 450.0                            LAT/LON1/LON2/DLON/H
  288  314  341  371  401  434  470  505  531  550  566  586  618  652  681  681
  652  618  591  567  538  512  494  485  478  474  467  460  453  441  417  384
  341  303  272  249  234  224  217  207  199  193  185  174  160  145  129  122
  124  127  129  130  127  121  115  108  102   99   96   92   86   80   78   80
   83   90  105  129  160  193  228  260  288
