Gnsser/Gnsser.Winform/bin/Debug/Data/IgsProduct/igsg0010.18i
     1.0            IONOSPHERE MAPS     MIX                 IONEX VERSION / TYPE
cmpcmb v1.2          GRL/UWM            18-jan-18 12:37     PGM / RUN BY / DATE 
ionex file containing IGS COMBINED Ionosphere maps          COMMENT             
global ionosphere maps for day 001, 2018                    DESCRIPTION         
IONEX file containing the COMBINED IGS TEC MAPS and DCBs    DESCRIPTION         
      IONEX files of the following IAACs were combined: cod DESCRIPTION         
                                                        jpl DESCRIPTION         
Contact address: Andrzej Krankowski                         DESCRIPTION
                 Geodynamics Research Laboratory            DESCRIPTION
                 University of Warmia and Mazury (GRL/UWM)  DESCRIPTION
                 Oczapowski St. 1                           DESCRIPTION
                 10-957-Olsztyn, POLAND                     DESCRIPTION
                 e-mail:  kand@uwm.edu.pl                   DESCRIPTION
                                                            DESCRIPTION         
  2018     1     1     0     0     0                        EPOCH OF FIRST MAP  
  2018     1     2     0     0     0                        EPOCH OF LAST MAP   
  7200                                                      INTERVAL            
    13                                                      # OF MAPS IN FILE   
  COSZ                                                      MAPPING FUNCTION    
     0.0                                                    ELEVATION CUTOFF    
combined TEC calculated as weighted mean of input TEC valuesOBSERVABLES USED    
   326                                                      # OF STATIONS       
    32                                                      # OF SATELLITES     
  6371.0                                                    BASE RADIUS         
     2                                                      MAP DIMENSION       
   450.0 450.0   0.0                                        HGT1 / HGT2 / DHGT  
    87.5 -87.5  -2.5                                        LAT1 / LAT2 / DLAT  
  -180.0 180.0   5.0                                        LON1 / LON2 / DLON  
    -1                                                      EXPONENT            
TEC values in 0.1 tec units;  9999, if no value available   COMMENT             
DCB values in nanoseconds, reference is Sum_of_SatDCBs = 0  COMMENT             
                                                            END OF HEADER       
[from data line 5148]
    13                                                      START OF TEC MAP    
  2018     1     2     0     0     0                        EPOCH OF CURRENT MAP
    87.5-180.0 180.0   5.0 450.0                            LAT/LON1/LON2/DLON/H
   31   31   31   31   31   31   31   31   30   30   30   29   29   28   28   27
   27   26   25   24   24   23   23   22   21   21   20   20   20   19   19   19
   18   18   18   18   19   19   19   19   19   20   20   20   21   21   21   22
   22   23   23   24   24   25   25   26   26   26   26   27   27   28   28   29
   29   29   29   30   30   30   31   31   31
    85.0-180.0 180.0   5.0 450.0                            LAT/LON1/LON2/DLON/H
   35   35   36   36   37   37   37   36   36   35   35   34   33   32   31   30
   28   27   25   24   22   21   20   18   17   16   15   14   13   13   12   12
   12   12   12   12   13   13   14   14   15   16   17   18   18   19   20   20
   21   22   22   23   23   24   24   25   25   26   27   27   28   28   28   29
   30   30   31   32   33   33   34   35   35
    82.5-180.0 180.0   5.0 450.0                            LAT/LON1/LON2/DLON/H
   36   38   38   39   39   40   40   40   40   39   38   37   36   35   33   31
   29   27   25   23   21   19   17   15   13   12   11    9    9    8    8    8
    8    9    9    9   10   11   12   13   14   15   16   18   19   20   21   21
   22   23   23   23   24   24   24   24   24   25   25   25   25   26   27   27
   28   29   31   31   33   33   35   36   36
    80.0-180.0 180.0   5.0 450.0                            LAT/LON1/LON2/DLON/H
   36   37   38   39   40   41   41   41   41   41   40   39   38   36   34   32
   30   27   25   22   19   17   15   13   11   10    9    8    8    8    8    8
    8    9    9    9   10   11   12   14   15   17   18   19   21   22   23   24
   24   25   25   25   25   24   24   23   23   23   22   22   22   23   23   24
   25   26   27   29   30   31   33   34   36
    77.5-180.0 180.0   5.0 450.0                            LAT/LON1/LON2/DLON/H
   33   35   36   38   39   39   40   40   40   40   39   38   36   35   33   31
   29   26   24   21   19   16   15   12   11   10    9    9    9    9    9    9
    9    9   10   10   12   13   15   16   18   19   21   22   23   25   26   26
   27   27   26   26   25   23   22   21   20   19   18   18   18   18   19   20
   21   22   24   25   27   28   30   31   33
    75.0-180.0 180.0   5.0 450.0                            LAT/LON1/LON2/DLON/H
   31   33   34   36   37   37   37   38   37   37   36   35   34   33   31   29
   27   25   23   21   19   17   15   14   13   12   11   10   10   10   10   11
   11   12   13   14   15   17   18   19   20   21   22   24   24   26   27   28
   27   28   27   26   24   23   20   18   17   15   14   14   14   14   15   16
   18   19   21   23   24   26   28   30   31
    72.5-180.0 180.0   5.0 450.0                            LAT/LON1/LON2/DLON/H
   31   33   34   35   35   36   36   35   34   34   33   32   30   29   28   27
   26   24   23   21   20   18   18   16   15   15   14   14   14   14   14   14
   15   16   17   18   19   19   20   20   20   21   22   23   24   25   25   26
   27   27   26   25   23   21   18   16   14   12   11   10   10   11   13   14
   16   18   20   22   24   26   28   29   31
    70.0-180.0 180.0   5.0 450.0                            LAT/LON1/LON2/DLON/H
   34   36   37   38   38   37   36   34   33   31   30   29   27   26   26   25
   24   23   22   21   21   20   19   19   18   18   17   17   17   17   18   18
   19   20   20   21   21   21   20   19   19   19   19   19   20   21   22   23
   24   25   24   23   22   19   17   15   12   11   10    9   10   11   13   15
   17   20   22   24   26   28   30   32   34
    67.5-180.0 180.0   5.0 450.0                            LAT/LON1/LON2/DLON/H
   40   42   44   44   43   42   39   37   33   31   29   27   26   25   25   24
   23   22   21   21   20   20   20   21   20   20   20   19   19   19   19   20
   20   21   22   22   21   20   19   17   16   15   15   15   16   17   18   20
   21   22   22   22   21   19   17   15   13   12   11   11   12   14   16   19
   21   24   26   29   31   33   36   38   40
    65.0-180.0 180.0   5.0 450.0                            LAT/LON1/LON2/DLON/H
   49   51   52   53   52   49   45   41   37   33   30   28   27   26   25   24
   23   22   21   20   19   19   19   19   20   19   19   19   19   19   19   19
   20   21   21   21   21   19   16   14   12   11   11   11   13   14   16   17
   18   20   21   22   21   21   20   18   16   15   15   15   16   19   21   25
   28   31   34   36   39   41   44   46   49
    62.5-180.0 180.0   5.0 450.0                            LAT/LON1/LON2/DLON/H
   60   62   63   64   62   59   54   48   43   38   35   32   30   29   27   26
   24   22   20   19   17   17   17   17   17   17   18   17   17   17   17   18
   19   20   21   21   19   17   14   12   10   10   11   12   13   15   16   17
   18   20   21   23   24   24   24   23   22   21   21   21   23   25   28   32
   36   40   44   46   48   51   54   56   60
    60.0-180.0 180.0   5.0 450.0                            LAT/LON1/LON2/DLON/H
   71   73   75   75   73   69   63   57   50   45   40   37   35   33   31   29
   26   23   21   18   15   14   14   14   15   15   16   16   16   16   17   17
   18   20   20   20   20   18   15   13   12   13   15   17   19   21   20   20
   22   23   25   27   29   30   30   29   28   27   28   27   29   32   36   40
   45   49   53   56   59   62   65   68   71
    57.5-180.0 180.0   5.0 450.0                            LAT/LON1/LON2/DLON/H
   82   84   85   85   83   78   72   65   58   53   47   44   41   39   37   34
   30   26   21   17   14   12   11   11   12   13   15   16   17   17   17   18
   19   20   21   22   22   20   19   18   19   21   25   29   31   32   30   29
   29   30   33   34   36   37   37   37   36   35   34   34   35   38   42   46
   52   57   62   67   71   73   75   78   82
    55.0-180.0 180.0   5.0 450.0                            LAT/LON1/LON2/DLON/H
   91   93   94   94   91   87   80   74   67   60   55   51   48   46   43   40
   34   29   24   19   14   11   10   10   12   15   18   20   21   20   20   21
   22   23   24   26   26   26   26   26   30   34   39   44   46   47   44   42
   40   41   43   45   45   46   45   44   42   41   40   40   41   43   46   51
   57   63   69   75   80   83   85   88   91
    52.5-180.0 180.0   5.0 450.0                            LAT/LON1/LON2/DLON/H
   99  101  102  102   99   95   89   82   75   69   63   59   56   53   50   45
   40   34   28   22   17   13   11   12   16   19   23   26   27   26   26   26
   27   28   30   31   33   33   35   37   42   48   55   60   63   63   59   57
   55   55   56   58   57   56   53   50   48   46   45   45   45   47   50   55
   61   68   74   81   86   90   94   96   99
    50.0-180.0 180.0   5.0 450.0                            LAT/LON1/LON2/DLON/H
  106  108  109  110  108  103   98   91   84   78   72   67   63   60   56   52
   46   40   33   26   21   18   17   18   22   27   32   35   36   34   33   32
   32   33   36   37   39   41   44   48   54   62   69   75   78   78   75   72
   70   71   71   71   70   66   61   57   53   51   50   50   49   51   53   57
   63   70   77   85   91   95   99  103  106
    47.5-180.0 180.0   5.0 450.0                            LAT/LON1/LON2/DLON/H
  112  115  117  117  116  113  107  100   93   87   81   76   71   67   63   58
   52   46   39   33   28   25   25   28   32   37   42   44   44   42   40   38
   37   39   41   44   46   49   52   57   64   71   79   86   89   89   87   86
   85   86   86   85   81   76   68   62   58   56   55   55   55   55   56   60
   65   72   79   86   93   98  103  108  112
    45.0-180.0 180.0   5.0 450.0                            LAT/LON1/LON2/DLON/H
  116  120  124  126  125  122  117  110  103   97   91   85   80   75   70   65
   58   53   47   41   38   36   37   39   43   48   51   52   51   48   45   42
   42   44   46   49   52   55   58   62   69   77   84   91   95   96   96   96
   96   98   98   95   90   83   74   67   63   62   61   61   61   60   61   63
   67   74   80   87   93   99  105  111  116
    42.5-180.0 180.0   5.0 450.0                            LAT/LON1/LON2/DLON/H
  119  125  130  132  133  130  125  118  112  106  101   95   89   83   78   72
   65   60   54   50   49   49   50   53   55   58   59   58   55   51   48   45
   45   47   50   53   56   58   61   65   71   78   85   91   96   99  100  102
  104  105  105  102   95   86   78   71   68   68   69   69   68   67   67   68
   72   77   83   88   93   99  105  112  119
    40.0-180.0 180.0   5.0 450.0                            LAT/LON1/LON2/DLON/H
  119  127  133  138  139  136  130  124  119  114  111  105   99   93   87   80
   74   67   63   60   60   62   64   65   66   66   64   62   58   53   49   48
   48   51   53   56   59   60   62   66   70   76   83   89   94   98  101  104
  106  107  106  102   95   86   79   74   73   74   76   77   76   75   74   75
   78   83   87   90   94   99  104  111  119
    37.5-180.0 180.0   5.0 450.0                            LAT/LON1/LON2/DLON/H
  118  128  135  140  142  139  133  127  122  121  118  114  108  102   96   89
   82   75   70   69   70   74   76   76   74   72   68   63   58   54   51   50
   52   54   57   59   60   61   63   65   69   75   80   86   91   95   98  101
  103  105  103   97   91   83   78   75   76   80   83   85   85   84   83   83
   86   90   94   97   98  100  103  109  118
    35.0-180.0 180.0   5.0 450.0                            LAT/LON1/LON2/DLON/H
  118  127  136  140  141  137  131  125  123  123  123  121  117  112  106   99
   91   84   78   77   79   83   85   83   79   74   69   64   59   56   54   55
   57   59   61   62   63   64   64   66   69   74   79   84   89   92   94   96
   97   98   95   90   83   78   75   75   79   84   89   92   93   92   92   93
   96  101  105  106  106  105  106  110  118
    32.5-180.0 180.0   5.0 450.0                            LAT/LON1/LON2/DLON/H
  122  130  136  139  139  134  128  122  121  123  125  125  124  120  115  109
  100   91   85   82   84   88   89   86   81   75   70   65   62   61   61   62
   64   66   67   68   67   67   68   68   71   75   80   84   87   89   90   90
   90   89   86   81   75   72   71   74   80   87   93   98  100  100  100  103
  108  114  119  121  120  117  115  116  122
    30.0-180.0 180.0   5.0 450.0                            LAT/LON1/LON2/DLON/H
  133  138  141  140  137  131  124  118  118  121  126  128  128  126  123  117
  108   98   90   86   87   89   88   84   78   74   71   69   68   68   70   72
   74   75   75   74   73   72   73   72   75   78   82   84   85   85   84   83
   82   79   76   70   66   65   66   72   79   88   96  102  105  107  110  114
  120  128  135  140  141  137  132  130  133
    27.5-180.0 180.0   5.0 450.0                            LAT/LON1/LON2/DLON/H
  152  152  151  147  141  133  124  117  115  120  124  128  129  129  128  122
  113  103   93   88   87   87   85   80   75   73   73   75   77   80   82   85
   86   86   84   83   81   80   78   77   78   80   83   83   82   81   79   76
   73   70   67   62   59   58   62   69   78   88   98  105  110  114  118  125
  134  144  155  163  168  165  159  154  152
    25.0-180.0 180.0   5.0 450.0                            LAT/LON1/LON2/DLON/H
  179  175  169  162  152  142  131  122  118  120  124  127  129  129  128  124
  116  104   94   88   86   84   81   76   73   74   79   86   91   95   98   98
   97   95   93   91   88   86   84   81   80   81   82   81   78   76   72   69
   65   62   59   55   53   54   59   67   77   88   98  107  114  121  128  137
  147  161  175  188  196  197  192  185  179
    22.5-180.0 180.0   5.0 450.0                            LAT/LON1/LON2/DLON/H
  210  203  195  185  173  159  146  134  128  126  128  128  128  128  126  122
  114  103   94   88   84   81   77   73   72   79   89   99  107  112  113  111
  107  102   98   96   93   91   87   83   80   78   77   75   72   69   65   62
   59   56   53   50   48   50   55   64   76   88  100  110  120  129  138  149
  161  177  194  211  224  228  225  217  210
    20.0-180.0 180.0   5.0 450.0                            LAT/LON1/LON2/DLON/H
  239  230  224  215  201  186  170  156  145  140  136  133  129  127  124  120
  111  100   92   87   83   79   75   73   77   87  101  115  123  128  126  121
  113  105  100   99   96   93   88   81   76   72   69   66   63   60   58   55
   53   51   49   47   46   47   52   63   76   90  102  115  126  136  148  161
  175  192  211  231  246  253  254  247  239
    17.5-180.0 180.0   5.0 450.0                            LAT/LON1/LON2/DLON/H
  261  255  251  245  232  217  201  185  171  160  151  142  134  128  123  117
  107   97   90   87   84   80   76   77   84   98  115  129  138  140  136  127
  115  105   99   96   94   91   85   78   70   64   60   56   54   52   51   50
   49   48   47   45   44   45   51   62   77   92  107  119  132  145  159  173
  188  205  224  243  259  269  272  268  261
    15.0-180.0 180.0   5.0 450.0                            LAT/LON1/LON2/DLON/H
  274  272  273  271  261  248  234  218  202  187  172  157  144  134  126  118
  107   96   89   88   87   84   82   85   95  110  127  140  147  146  139  127
  112  100   93   91   90   87   81   72   64   58   52   48   46   46   46   46
   46   47   46   45   44   44   50   64   81   97  111  125  139  153  169  184
  200  214  231  248  263  274  279  278  274
    12.5-180.0 180.0   5.0 450.0                            LAT/LON1/LON2/DLON/H
  278  281  286  288  282  273  262  249  233  216  197  177  159  146  136  124
  112   99   92   92   91   90   91   96  106  122  136  146  149  146  137  123
  107   94   87   84   83   81   75   68   59   53   48   44   43   43   43   44
   45   46   47   46   44   44   51   66   84  101  116  130  145  160  176  192
  207  221  235  248  260  270  277  278  278
    10.0-180.0 180.0   5.0 450.0                            LAT/LON1/LON2/DLON/H
  276  282  290  295  294  290  284  275  261  244  222  199  180  163  150  137
  122  108  100   99  100  100  103  109  119  130  139  144  145  139  130  116
  101   88   81   79   78   76   71   65   58   52   47   44   44   44   44   45
   46   47   47   46   45   45   53   70   89  106  121  135  149  164  180  196
  210  222  234  245  255  263  270  274  276
     7.5-180.0 180.0   5.0 450.0                            LAT/LON1/LON2/DLON/H
  273  281  290  296  297  297  297  293  282  266  245  222  201  184  169  154
  138  122  112  109  110  112  116  123  130  136  139  138  136  131  122  111
   98   85   78   76   75   73   70   65   60   55   52   50   49   48   48   48
   48   48   48   47   46   48   58   74   93  111  125  138  151  166  180  195
  208  220  231  241  250  257  263  269  273
     5.0-180.0 180.0   5.0 450.0                            LAT/LON1/LON2/DLON/H
  273  280  288  294  296  298  302  303  295  283  264  244  224  205  189  173
  156  138  126  121  122  125  131  137  140  140  137  131  127  123  117  109
   99   88   81   77   75   73   70   67   64   62   60   58   57   55   54   53
   51   51   49   48   47   51   62   79   98  115  127  139  151  164  178  191
  204  216  228  239  248  256  262  268  273
     2.5-180.0 180.0   5.0 450.0                            LAT/LON1/LON2/DLON/H
  279  285  290  293  295  299  304  307  303  293  279  261  244  226  209  192
  174  155  141  135  135  139  145  149  149  143  135  126  122  121  119  113
  105   96   88   82   79   75   72   71   70   70   69   68   66   63   61   57
   55   53   51   49   50   54   66   84  103  117  129  139  149  161  173  184
  197  210  225  239  250  259  267  274  279
