Gnsser/Gnsser.Winform/bin/Debug/Data/IgsProduct/igsg0020.18i
     1.0            IONOSPHERE MAPS     MIX                 IONEX VERSION / TYPE
cmpcmb v1.2          GRL/UWM            18-jan-18 12:41     PGM / RUN BY / DATE 
ionex file containing IGS COMBINED Ionosphere maps          COMMENT             
global ionosphere maps for day 002, 2018                    DESCRIPTION         
IONEX file containing the COMBINED IGS TEC MAPS and DCBs    DESCRIPTION         
      IONEX files of the following IAACs were combined: cod DESCRIPTION         
                                                        jpl DESCRIPTION         
Contact address: Andrzej Krankowski                         DESCRIPTION
                 Geodynamics Research Laboratory            DESCRIPTION
                 University of Warmia and Mazury (GRL/UWM)  DESCRIPTION
                 Oczapowski St. 1                           DESCRIPTION
                 10-957-Olsztyn, POLAND                     DESCRIPTION
                 e-mail:  kand@uwm.edu.pl                   DESCRIPTION
                                                            DESCRIPTION         
  2018     1     2     0     0     0                        EPOCH OF FIRST MAP  
  2018     1     3     0     0     0                        EPOCH OF LAST MAP   
  7200                                                      INTERVAL            
    13                                                      # OF MAPS IN FILE   
  COSZ                                                      MAPPING FUNCTION    
     0.0                                                    ELEVATION CUTOFF    
combined TEC calculated as weighted mean of input TEC valuesOBSERVABLES USED    
   327                                                      # OF STATIONS       
    32                                                      # OF SATELLITES     
  6371.0                                                    BASE RADIUS         
     2                                                      MAP DIMENSION       
   450.0 450.0   0.0                                        HGT1 / HGT2 / DHGT  
    87.5 -87.5  -2.5                                        LAT1 / LAT2 / DLAT  
  -180.0 180.0   5.0                                        LON1 / LON2 / DLON  
    -1                                                      EXPONENT            
TEC values in 0.1 tec units;  9999, if no value available   COMMENT             
DCB values in nanoseconds, reference is Sum_of_SatDCBs = 0  COMMENT             
                                                            END OF HEADER       
[from data line 4719]
    12                                                      START OF TEC MAP    
  2018     1     2    22     0     0                        EPOCH OF CURRENT MAP
    87.5-180.0 180.0   5.0 450.0                            LAT/LON1/LON2/DLON/H
   30   30   30   30   30   30   30   30   30   29   29   29   28   28   27   26
   26   25   25   24   23   22   22   21   21   20   20   19   19   19   18   18
   18   18   18   18   18   18   18   19   19   19   20   20   20   20   21   21
   22   23   23   23   24   24   25   25   26   27   27   28   28   28   28   29
   29   29   30   30   30   30   30   30   30
    85.0-180.0 180.0   5.0 450.0                            LAT/LON1/LON2/DLON/H
   34   34   34   35   35   35   35   34   34   34   33   33   32   31   30   29
   27   26   25   23   21   20   19   17   17   15   15   14   13   13   13   12
   12   12   12   13   13   13   13   14   14   15   15   16   17   18   18   19
   20   21   22   22   24   25   25   26   26   27   28   29   29   29   30   30
   31   31   31   32   32   32   33   33   34
    82.5-180.0 180.0   5.0 450.0                            LAT/LON1/LON2/DLON/H
   33   34   35   35   36   37   37   38   38   37   37   36   35   34   32   31
   29   27   25   22   20   18   16   14   13   12   11   10   10   10   10   10
   10   10   10   10   10   10   11   11   12   13   13   14   15   16   17   18
   19   20   21   22   23   24   25   26   26   27   27   28   28   29   29   29
   30   30   30   30   31   31   32   33   33
    80.0-180.0 180.0   5.0 450.0                            LAT/LON1/LON2/DLON/H
   30   31   32   33   35   36   37   38   39   39   39   38   37   36   34   32
   30   27   24   22   19   17   14   12   10   10   10    9    9    9   10   10
   10   10   10   10   10   11   11   11   12   12   13   13   14   15   16   16
   17   19   20   22   23   23   25   25   26   26   26   26   26   26   26   25
   25   25   25   26   26   27   27   29   30
    77.5-180.0 180.0   5.0 450.0                            LAT/LON1/LON2/DLON/H
   25   26   28   30   31   33   35   36   38   38   39   39   39   38   36   34
   31   28   25   22   19   16   13   11   10   10   10   10   10   10   10   10
   10   11   12   13   13   14   14   14   14   14   13   13   13   14   14   15
   17   18   19   20   21   23   23   24   24   24   24   23   22   21   21   20
   20   19   20   20   20   21   22   23   25
    75.0-180.0 180.0   5.0 450.0                            LAT/LON1/LON2/DLON/H
   20   22   24   26   28   30   32   35   37   38   39   40   39   38   37   35
   32   29   26   22   20   17   14   12   11   10   10   10   10   10   10   11
   13   14   15   16   17   17   17   16   16   15   14   13   13   13   13   14
   15   16   17   18   20   20   21   22   22   21   20   19   18   17   16   15
   14   14   13   14   15   15   17   18   20
    72.5-180.0 180.0   5.0 450.0                            LAT/LON1/LON2/DLON/H
   17   19   22   24   26   29   31   33   35   38   39   40   40   39   38   35
   33   30   27   24   21   18   16   13   12   11   11   11   11   12   13   14
   16   17   18   19   20   20   19   19   17   16   14   13   12   11   11   12
   13   14   16   17   18   19   19   19   19   18   18   16   15   13   11   10
   10    9    9   10   11   12   13   15   17
    70.0-180.0 180.0   5.0 450.0                            LAT/LON1/LON2/DLON/H
   18   21   23   26   28   30   32   34   37   39   40   40   40   39   37   35
   33   31   28   26   24   21   18   16   14   13   13   12   13   14   14   16
   17   18   19   20   20   20   19   18   17   15   13   12   11   10   10   11
   11   12   14   15   16   18   18   18   17   17   16   14   12   11    9    8
    8    8    8    9   10   12   14   16   18
    67.5-180.0 180.0   5.0 450.0                            LAT/LON1/LON2/DLON/H
   24   27   30   31   32   34   36   37   40   41   42   42   42   41   38   36
   34   33   31   29   26   23   20   18   16   15   15   14   14   14   15   16
   16   17   17   17   17   17   16   15   14   13   12   11   11   10    9   10
   11   12   13   15   15   17   16   17   17   15   15   14   12   11   11   11
   10   10   10   12   13   16   18   22   24
    65.0-180.0 180.0   5.0 450.0                            LAT/LON1/LON2/DLON/H
   34   37   39   40   40   41   42   43   45   46   47   46   45   43   40   38
   36   35   34   32   29   25   22   19   17   16   16   15   15   15   15   15
   15   14   14   13   13   12   11   11   11   11   11   11   11   11   11   11
   12   13   14   15   16   17   17   17   17   16   16   16   16   16   16   16
   16   16   16   17   19   22   26   30   34
    62.5-180.0 180.0   5.0 450.0                            LAT/LON1/LON2/DLON/H
   44   47   50   50   50   50   50   51   51   52   52   52   50   47   44   42
   40   39   37   35   31   27   23   19   18   17   17   16   16   15   15   15
   14   12   11   10    9    9    9    9    9   11   12   14   15   15   16   16
   16   16   17   17   18   19   19   19   19   19   20   20   21   22   23   24
   24   23   23   24   26   30   35   40   44
    60.0-180.0 180.0   5.0 450.0                            LAT/LON1/LON2/DLON/H
   55   60   62   62   61   60   59   59   59   59   59   57   55   52   49   47
   45   44   41   38   34   28   23   20   18   17   18   17   18   17   17   16
   14   12   10   10    9    9    9    9   11   14   17   20   23   24   23   23
   23   22   22   22   22   23   22   22   22   23   23   25   27   29   31   32
   32   31   30   31   33   37   43   50   55
    57.5-180.0 180.0   5.0 450.0                            LAT/LON1/LON2/DLON/H
   65   70   72   73   72   69   68   67   66   66   65   63   61   59   56   54
   52   49   46   41   35   29   24   20   19   19   20   21   21   22   22   21
   19   16   14   12   11   11   11   13   17   22   27   31   34   35   35   33
   32   31   30   29   28   27   27   26   26   27   28   31   33   36   39   39
   39   37   36   36   39   44   52   59   65
    55.0-180.0 180.0   5.0 450.0                            LAT/LON1/LON2/DLON/H
   74   79   82   83   81   79   76   74   73   72   71   69   67   65   63   61
   59   55   50   44   36   30   24   21   21   22   24   26   28   29   29   28
   26   23   21   20   19   19   20   24   29   34   40   45   48   48   47   45
   42   40   38   36   35   34   32   30   29   31   33   35   38   42   43   44
   43   41   39   40   43   50   58   66   74
    52.5-180.0 180.0   5.0 450.0                            LAT/LON1/LON2/DLON/H
   79   85   89   91   89   87   84   81   79   78   76   75   73   72   71   69
   67   62   55   47   39   32   27   24   24   26   29   32   35   37   37   37
   35   34   33   32   32   33   34   38   42   48   54   58   61   62   60   57
   53   50   47   45   43   40   37   35   33   34   36   39   42   44   46   46
   44   42   41   42   46   53   62   71   79
    50.0-180.0 180.0   5.0 450.0                            LAT/LON1/LON2/DLON/H
   82   89   95   97   97   95   92   89   86   83   81   79   78   78   78   77
   74   68   60   52   43   36   31   29   30   32   36   40   43   45   46   45
   45   45   46   47   48   49   50   53   57   62   67   71   73   73   70   66
   63   59   57   54   51   47   43   39   37   37   39   42   44   46   46   46
   45   43   42   44   48   56   64   74   82
    47.5-180.0 180.0   5.0 450.0                            LAT/LON1/LON2/DLON/H
   84   91   98  102  104  103  101   97   93   89   87   84   84   84   85   84
   81   75   66   57   49   42   38   36   37   40   43   47   50   52   52   52
   53   55   58   62   64   65   66   67   70   73   77   80   81   80   78   74
   71   67   64   62   58   54   48   43   40   40   41   44   45   46   46   46
   45   44   44   47   52   59   67   76   84
    45.0-180.0 180.0   5.0 450.0                            LAT/LON1/LON2/DLON/H
   84   91   99  105  109  111  110  107  102   98   94   91   90   90   90   90
   87   81   73   65   56   51   47   45   46   48   51   54   56   56   56   56
   57   61   68   73   77   77   77   77   79   81   83   84   85   85   82   79
   76   73   71   68   65   60   53   46   42   42   43   45   46   47   46   47
   47   47   49   51   56   62   69   77   84
    42.5-180.0 180.0   5.0 450.0                            LAT/LON1/LON2/DLON/H
   84   91   98  106  114  118  119  117  112  107  102   99   97   97   97   96
   93   88   81   73   66   61   58   55   55   55   57   59   60   59   58   57
   59   65   73   80   84   84   83   82   83   84   85   86   87   86   84   82
   80   77   75   72   69   63   56   49   45   44   45   47   48   48   49   50
   52   54   56   58   62   66   72   78   84
    40.0-180.0 180.0   5.0 450.0                            LAT/LON1/LON2/DLON/H
   84   89   96  106  116  124  127  126  122  117  112  109  107  105  104  103
  100   96   89   82   77   73   70   66   64   63   63   63   62   60   58   57
   59   66   75   82   86   86   84   83   83   84   85   85   86   85   84   83
   80   78   75   74   71   65   58   52   47   46   47   48   50   51   53   56
   60   62   65   66   69   72   75   80   84
    37.5-180.0 180.0   5.0 450.0                            LAT/LON1/LON2/DLON/H
   85   88   94  103  116  127  132  132  130  126  122  119  117  114  113  109
  106  102   97   92   87   85   81   76   72   69   68   66   64   61   58   57
   60   66   74   81   83   83   82   81   82   83   84   84   83   83   83   81
   78   76   74   72   70   65   59   53   49   47   48   50   52   54   58   63
   69   72   74   75   76   77   80   82   85
    35.0-180.0 180.0   5.0 450.0                            LAT/LON1/LON2/DLON/H
   87   88   91  100  113  124  131  134  134  132  130  128  127  124  120  116
  112  108  104  100   97   94   90   85   80   75   72   70   67   64   61   60
   62   68   74   78   80   78   78   79   80   82   82   82   82   81   80   78
   74   71   69   68   67   64   59   54   50   49   50   52   54   58   63   70
   77   81   83   83   83   83   84   86   87
    32.5-180.0 180.0   5.0 450.0                            LAT/LON1/LON2/DLON/H
   91   90   90   96  106  118  126  131  132  133  134  135  134  132  126  122
  118  114  110  107  104  101   97   92   86   80   77   74   71   69   66   66
   69   72   76   77   76   75   76   78   80   82   83   82   81   79   78   74
   70   66   63   63   62   60   57   54   51   50   51   54   56   61   68   76
   84   88   90   89   88   88   90   91   91
    30.0-180.0 180.0   5.0 450.0                            LAT/LON1/LON2/DLON/H
   97   94   90   93   99  109  117  123  126  130  134  138  139  136  131  126
  122  118  115  112  109  106  102   96   90   85   82   79   77   75   75   76
   78   80   81   79   76   74   76   78   81   83   83   82   80   78   75   70
   65   59   56   56   56   56   56   53   51   50   51   53   57   63   71   80
   88   92   94   93   93   93   96   98   97
    27.5-180.0 180.0   5.0 450.0                            LAT/LON1/LON2/DLON/H
  106  102   95   93   96  102  109  115  118  124  131  138  140  138  133  127
  124  120  118  115  112  108  104   99   93   89   87   86   85   85   87   90
   92   92   89   84   78   76   77   80   83   84   84   82   79   76   73   67
   60   54   50   49   50   52   52   51   50   49   49   52   56   63   72   81
   89   94   96   96   97  100  104  107  106
    25.0-180.0 180.0   5.0 450.0                            LAT/LON1/LON2/DLON/H
  118  113  105   99   99  103  107  111  114  119  128  136  140  138  133  127
  124  121  119  116  113  109  104  100   96   94   93   93   93   95   99  104
  107  104   98   90   83   80   81   83   84   84   83   80   78   74   70   64
   57   49   45   44   46   48   49   48   47   46   46   49   54   62   71   81
   88   94   97   99  102  106  113  118  118
    22.5-180.0 180.0   5.0 450.0                            LAT/LON1/LON2/DLON/H
  133  128  120  113  111  113  116  118  119  122  129  138  142  138  132  127
  123  120  119  116  113  108  104  100   99   99  100  101  103  106  112  118
  121  116  107   96   88   84   84   84   84   83   81   78   75   71   67   61
   54   47   42   41   43   45   45   45   43   42   42   45   50   59   69   80
   88   94   98  103  108  115  124  131  133
    20.0-180.0 180.0   5.0 450.0                            LAT/LON1/LON2/DLON/H
  149  147  141  136  134  136  138  139  136  136  141  147  148  142  133  127
  123  120  118  115  111  107  103  102  103  105  108  110  111  115  123  130
  132  126  112  100   92   88   86   84   82   79   77   74   71   68   64   59
   52   47   42   41   42   42   43   41   39   38   38   41   47   56   67   78
   88   96  102  108  116  125  136  145  149
    17.5-180.0 180.0   5.0 450.0                            LAT/LON1/LON2/DLON/H
  166  167  165  163  165  169  172  173  169  165  165  166  163  153  140  131
  125  120  117  113  109  105  102  103  107  112  116  118  120  123  130  137
  138  129  115  102   94   91   88   84   79   75   73   71   68   64   61   57
   53   47   44   42   42   42   41   39   36   35   34   37   44   53   66   78
   89   99  108  116  126  137  148  159  166
    15.0-180.0 180.0   5.0 450.0                            LAT/LON1/LON2/DLON/H
  182  187  189  192  197  205  212  215  213  207  201  196  187  171  155  140
  131  123  117  113  108  104  103  107  114  121  126  127  127  129  134  140
  138  128  113  102   96   94   90   83   77   72   69   67   64   61   59   56
   53   51   48   45   44   43   40   37   34   33   33   35   41   52   65   79
   91  103  114  125  137  148  160  172  182
    12.5-180.0 180.0   5.0 450.0                            LAT/LON1/LON2/DLON/H
  195  204  211  217  227  238  250  257  258  252  243  234  220  200  177  156
  141  130  121  114  108  105  107  112  121  130  136  136  134  132  135  137
  134  123  110  102  100  100   95   86   77   71   67   65   62   60   57   56
   55   54   52   49   47   44   40   37   34   34   34   35   41   52   66   81
   94  108  121  134  147  158  171  184  195
    10.0-180.0 180.0   5.0 450.0                            LAT/LON1/LON2/DLON/H
  206  218  227  237  249  263  278  290  296  292  283  271  256  233  204  177
  156  140  127  117  111  109  112  120  131  141  146  144  139  135  134  134
  129  118  109  105  108  110  105   93   81   72   68   66   63   60   57   57
   57   58   55   52   49   46   42   38   37   36   36   37   42   54   69   84
   97  112  126  141  155  167  179  192  206
     7.5-180.0 180.0   5.0 450.0                            LAT/LON1/LON2/DLON/H
  213  228  240  251  262  276  293  308  319  320  313  301  287  264  232  200
  173  153  136  124  116  116  120  130  142  152  156  152  145  137  134  132
  125  117  113  114  121  125  119  104   89   79   73   70   67   63   60   60
   61   61   58   54   50   47   43   41   40   41   41   41   46   57   72   86
  101  115  130  145  159  172  184  197  213
     5.0-180.0 180.0   5.0 450.0                            LAT/LON1/LON2/DLON/H
  216  233  247  258  269  280  294  310  324  329  326  319  307  286  254  219
  190  167  147  132  124  125  131  143  155  164  166  161  151  141  137  133
  127  123  123  131  141  145  137  120  101   88   81   77   74   69   65   64
   64   64   60   54   50   47   45   44   44   45   46   46   50   62   76   91
  103  117  132  146  160  172  184  199  216
     2.5-180.0 180.0   5.0 450.0                            LAT/LON1/LON2/DLON/H
  214  233  250  261  270  278  288  301  315  322  321  319  312  296  267  233
  204  180  159  143  135  136  144  156  168  176  176  168  157  147  143  139
  135  135  141  152  163  166  156  135  114   99   91   87   83   78   73   70
   69   66   61   54   50   48   46   46   47   49   50   51   55   67   81   94
  106  118  131  145  157  168  181  196  214
