Gnsser/Gnsser.Winform/bin/Debug/Data/IgsProduct/igsg0010.13i
     1.0            IONOSPHERE MAPS     MIX                 IONEX VERSION / TYPE
cmpcmb v1.2          GRL/UWM            15-jan-13 16:42     PGM / RUN BY / DATE 
ionex file containing IGS COMBINED Ionosphere maps          COMMENT             
global ionosphere maps for day 001, 2013                    DESCRIPTION         
IONEX file containing the COMBINED IGS TEC MAPS and DCBs    DESCRIPTION         
      IONEX files of the following IAACs were combined: cod DESCRIPTION         
                                                        esa DESCRIPTION         
                                                        jpl DESCRIPTION         
                                                        upc DESCRIPTION         
Contact address: Andrzej Krankowski                         DESCRIPTION
                 Geodynamics Research Laboratory            DESCRIPTION
                 University of Warmia and Mazury (GRL/UWM)  DESCRIPTION
                 Oczapowski St. 1                           DESCRIPTION
                 10-957-Olsztyn, POLAND                     DESCRIPTION
                 e-mail:  kand@uwm.edu.pl                   DESCRIPTION
                                                            DESCRIPTION         
  2013     1     1     0     0     0                        EPOCH OF FIRST MAP  
  2013     1     2     0     0     0                        EPOCH OF LAST MAP   
  7200                                                      INTERVAL            
    13                                                      # OF MAPS IN FILE   
  COSZ                                                      MAPPING FUNCTION    
     0.0                                                    ELEVATION CUTOFF    
combined TEC calculated as weighted mean of input TEC valuesOBSERVABLES USED    
   422                                                      # OF STATIONS       
    32                                                      # OF SATELLITES     
  6371.0                                                    BASE RADIUS         
     2                                                      MAP DIMENSION       
   450.0 450.0   0.0                                        HGT1 / HGT2 / DHGT  
    87.5 -87.5  -2.5                                        LAT1 / LAT2 / DLAT  
  -180.0 180.0   5.0                                        LON1 / LON2 / DLON  
    -1                                                      EXPONENT            
TEC values in 0.1 tec units;  9999, if no value available   COMMENT             
DCB values in nanoseconds, reference is Sum_of_SatDCBs = 0  COMMENT             
                                                            END OF HEADER       
[from data line 1287]
     4                                                      START OF TEC MAP    
  2013     1     1     6     0     0                        EPOCH OF CURRENT MAP
    87.5-180.0 180.0   5.0 450.0                            LAT/LON1/LON2/DLON/H
   24   24   24   25   25   25   25   26   26   26   27   27   27   27   27   27
   27   28   27   27   27   27   27   27   27   27   27   27   27   26   27   27
   27   27   27   26   27   27   26   26   26   26   26   26   25   25   25   24
   24   24   24   23   23   23   22   22   22   22   22   22   22   22   22   22
   22   22   22   22   23   22   23   23   24
    85.0-180.0 180.0   5.0 450.0                            LAT/LON1/LON2/DLON/H
   20   21   22   24   25   26   27   28   28   28   29   29   28   28   28   27
   27   26   26   26   25   25   25   25   25   25   25   25   25   26   26   26
   27   27   28   28   28   28   27   27   27   26   26   25   25   24   24   23
   23   23   22   22   21   20   20   19   19   19   19   19   19   19   19   19
   19   19   19   18   19   18   18   19   20
    82.5-180.0 180.0   5.0 450.0                            LAT/LON1/LON2/DLON/H
   18   19   21   23   25   26   28   29   30   31   31   32   31   30   29   28
   27   25   24   22   21   20   19   19   20   20   21   22   23   24   25   26
   27   27   28   28   28   28   28   28   27   26   25   25   24   23   23   23
   22   22   22   22   22   21   21   20   20   20   19   19   19   19   19   18
   18   18   17   17   17   17   17   18   18
    80.0-180.0 180.0   5.0 450.0                            LAT/LON1/LON2/DLON/H
   16   17   18   20   23   25   28   30   32   33   33   33   32   31   29   27
   25   22   20   18   16   15   14   14   14   15   17   18   20   22   24   26
   28   29   30   31   31   30   30   29   27   26   26   24   23   23   23   23
   24   25   25   26   28   28   28   28   28   26   25   24   22   21   20   20
   19   18   17   16   16   16   16   16   16
    77.5-180.0 180.0   5.0 450.0                            LAT/LON1/LON2/DLON/H
   15   16   16   18   21   25   28   30   32   34   34   33   32   30   27   24
   21   18   17   15   13   11   11   11   12   13   14   16   19   22   25   27
   30   32   33   33   33   32   31   29   28   26   24   24   23   23   24   26
   28   31   33   36   39   41   42   43   42   41   39   37   34   31   28   25
   23   21   19   18   16   16   15   15   15
    75.0-180.0 180.0   5.0 450.0                            LAT/LON1/LON2/DLON/H
   15   16   17   17   20   23   27   29   31   32   32   31   30   27   25   22
   20   17   15   14   12   11   11   11   13   13   15   17   20   23   27   29
   32   34   35   36   35   34   32   30   27   25   23   23   23   25   28   31
   35   40   45   50   55   59   61   62   62   61   59   56   53   48   44   39
   35   30   24   22   20   18   17   16   15
    72.5-180.0 180.0   5.0 450.0                            LAT/LON1/LON2/DLON/H
   18   17   17   18   20   22   25   27   28   29   29   28   27   25   23   20
   19   17   16   15   14   14   14   15   16   17   19   21   23   26   28   31
   34   36   37   38   37   35   32   29   26   24   23   23   24   28   32   38
   45   52   59   66   72   77   81   83   83   82   80   76   72   67   61   56
   50   43   38   32   27   23   21   19   18
    70.0-180.0 180.0   5.0 450.0                            LAT/LON1/LON2/DLON/H
   23   21   20   20   21   22   23   25   25   25   25   24   23   22   21   20
   19   17   17   17   18   18   19   20   21   23   24   25   27   28   30   33
   35   37   38   38   38   36   32   29   26   23   23   24   28   33   40   47
   57   65   74   82   88   94   98  100  101  100   98   94   89   84   77   71
   65   58   52   46   39   35   30   26   23
    67.5-180.0 180.0   5.0 450.0                            LAT/LON1/LON2/DLON/H
   31   28   25   24   23   23   23   23   23   23   22   21   20   19   19   18
   19   19   20   21   23   24   25   27   28   29   30   29   30   30   31   32
   35   37   38   37   36   35   31   28   25   23   25   28   33   40   49   59
   69   78   87   95  101  107  111  113  113  112  109  105   99   93   87   81
   75   69   64   58   52   46   40   35   31
    65.0-180.0 180.0   5.0 450.0                            LAT/LON1/LON2/DLON/H
   39   35   31   29   27   26   25   24   23   22   20   19   17   17   18   18
   20   21   24   25   27   29   30   31   32   32   33   32   31   31   31   32
   33   35   36   36   34   32   29   26   25   25   28   34   42   50   60   69
   80   89   98  105  110  115  117  119  118  116  113  108  103   97   90   85
   79   75   70   65   60   54   49   44   39
    62.5-180.0 180.0   5.0 450.0                            LAT/LON1/LON2/DLON/H
   45   41   37   34   31   29   28   26   24   22   20   18   17   17   19   20
   21   23   25   26   29   30   32   32   33   33   33   33   32   31   31   31
   32   33   35   34   33   31   28   26   27   29   34   42   52   61   72   81
   90   98  105  111  115  118  120  121  119  117  114  109  103   97   91   85
   80   77   73   68   64   59   55   50   45
    60.0-180.0 180.0   5.0 450.0                            LAT/LON1/LON2/DLON/H
   49   45   42   39   36   34   32   30   27   24   22   20   18   18   19   20
   22   23   25   25   27   28   28   29   30   31   32   32   31   30   31   31
   32   33   35   36   35   32   30   29   31   35   42   51   62   74   84   93
  101  108  113  116  118  120  121  121  120  118  115  110  104   98   92   86
   81   76   72   68   64   61   56   53   49
    57.5-180.0 180.0   5.0 450.0                            LAT/LON1/LON2/DLON/H
   51   48   45   43   41   39   37   34   31   28   25   23   21   21   21   22
   23   23   23   23   22   23   23   24   26   28   30   32   32   32   32   33
   34   36   38   40   39   37   35   35   37   42   50   62   74   86   96  105
  112  117  120  123  123  123  124  123  122  121  119  115  111  104   98   91
   84   77   72   67   64   61   57   54   51
    55.0-180.0 180.0   5.0 450.0                            LAT/LON1/LON2/DLON/H
   52   50   48   46   44   43   41   38   36   33   31   28   26   25   24   25
   24   23   22   20   19   18   19   21   25   29   33   35   36   36   36   37
   39   41   44   46   46   44   43   42   44   50   60   72   85   98  109  117
  123  128  129  130  130  129  129  129  128  128  128  126  123  116  109  100
   90   82   75   69   65   61   58   55   52
    52.5-180.0 180.0   5.0 450.0                            LAT/LON1/LON2/DLON/H
   54   52   50   49   48   47   45   44   41   38   36   35   32   30   29   29
   27   26   24   21   19   19   20   22   28   33   39   42   43   43   43   43
   44   47   51   53   53   52   50   50   54   60   69   82   96  109  119  128
  134  138  139  140  139  138  137  137  137  138  140  139  137  132  124  115
  103   93   83   75   69   64   60   56   54
    50.0-180.0 180.0   5.0 450.0                            LAT/LON1/LON2/DLON/H
   57   55   54   53   53   52   50   49   46   44   42   41   39   37   35   34
   33   31   29   26   25   24   26   30   36   42   48   52   53   52   51   49
   49   52   56   59   60   58   56   58   62   69   80   93  106  118  129  138
  144  148  150  150  149  147  147  147  147  149  151  152  152  147  140  131
  119  106   95   84   76   70   65   60   57
    47.5-180.0 180.0   5.0 450.0                            LAT/LON1/LON2/DLON/H
   62   59   58   58   58   58   56   54   53   51   50   49   47   45   43   42
   40   39   38   37   36   37   39   44   49   56   61   63   63   61   58   55
   53   55   59   62   64   63   63   66   71   79   89  101  114  126  137  145
  152  157  159  159  157  155  154  153  154  156  159  161  161  158  153  144
  133  120  107   95   85   77   71   66   62
    45.0-180.0 180.0   5.0 450.0                            LAT/LON1/LON2/DLON/H
   67   65   64   64   64   63   62   60   59   59   59   59   58   55   52   51
   50   52   52   52   53   55   57   62   66   70   72   73   71   68   63   58
   56   57   61   64   66   66   68   72   79   89   99  109  122  134  143  152
  159  164  165  165  163  160  158  156  156  158  160  161  162  162  158  152
  143  131  118  105   95   85   77   72   67
    42.5-180.0 180.0   5.0 450.0                            LAT/LON1/LON2/DLON/H
   72   69   69   70   70   69   67   65   65   67   69   71   71   68   65   64
   64   66   69   70   72   74   76   79   80   82   81   79   76   72   66   60
   58   60   62   65   67   68   72   79   88   98  109  118  129  138  148  157
  163  168  169  168  165  161  158  156  154  154  154  155  156  156  156  153
  147  137  126  113  102   91   83   76   72
    40.0-180.0 180.0   5.0 450.0                            LAT/LON1/LON2/DLON/H
   74   73   73   73   73   72   71   70   71   76   81   84   85   83   80   80
   81   84   87   89   91   92   93   93   92   91   87   84   80   74   69   64
   62   62   64   65   67   70   76   85   96  109  118  127  136  144  152  160
  165  169  170  170  167  162  158  155  152  150  148  147  148  149  150  150
  146  139  129  117  105   95   86   79   74
    37.5-180.0 180.0   5.0 450.0                            LAT/LON1/LON2/DLON/H
   74   72   73   74   72   72   72   74   77   83   91   97  101  100   99   99
  100  102  104  106  107  107  106  103  100   95   90   85   81   76   72   68
   66   66   66   67   69   73   80   91  104  118  128  137  143  151  157  163
  168  171  173  173  172  168  165  162  158  155  151  148  147  148  149  150
  148  142  133  121  108   95   85   78   74
    35.0-180.0 180.0   5.0 450.0                            LAT/LON1/LON2/DLON/H
   70   69   70   71   69   68   69   73   80   89  100  109  116  119  120  121
  122  122  122  120  119  117  114  109  102   95   89   84   81   77   75   74
   72   71   70   69   70   74   82   95  112  127  139  146  152  158  164  169
  172  177  181  184  185  185  184  182  179  175  170  167  165  165  165  164
  161  154  143  129  115   99   86   76   70
    32.5-180.0 180.0   5.0 450.0                            LAT/LON1/LON2/DLON/H
   68   65   66   67   66   64   66   71   80   93  105  119  129  136  140  142
  142  139  136  131  126  121  116  109  101   93   86   82   80   80   80   80
   79   77   74   72   71   75   84   99  118  136  149  157  163  168  174  178
  184  191  198  205  213  218  222  223  223  220  216  213  211  207  202  199
  191  181  166  149  131  111   93   78   68
    30.0-180.0 180.0   5.0 450.0                            LAT/LON1/LON2/DLON/H
   72   65   64   65   63   61   61   66   78   92  106  122  137  147  155  159
  159  153  146  136  128  120  113  106   98   89   83   80   80   82   84   85
   85   82   77   73   71   74   85  102  123  143  157  167  174  181  188  195
  203  213  226  241  256  269  278  284  292  290  290  288  284  277  265  257
  243  228  208  186  163  135  110   89   72
    27.5-180.0 180.0   5.0 450.0                            LAT/LON1/LON2/DLON/H
   87   74   69   66   64   61   59   63   73   87  103  120  136  150  161  167
  166  159  149  138  127  117  110  103   95   88   82   80   80   84   87   88
   87   84   78   73   70   73   85  104  126  147  165  177  188  197  208  220
  232  246  265  289  311  333  348  362  375  379  384  384  379  367  348  335
  313  292  268  241  209  175  144  111   87
    25.0-180.0 180.0   5.0 450.0                            LAT/LON1/LON2/DLON/H
  114   92   80   74   69   65   63   64   71   82   96  112  127  143  156  163
  162  155  144  135  124  115  107  101   95   89   84   82   83   85   87   88
   86   82   77   71   69   73   85  106  130  152  172  189  204  217  233  250
  267  288  314  345  374  404  424  445  460  470  481  483  479  464  440  420
  395  370  340  311  274  234  189  151  114
    22.5-180.0 180.0   5.0 450.0                            LAT/LON1/LON2/DLON/H
  152  119  100   88   82   78   74   72   76   81   90  101  113  128  140  147
  148  143  135  129  122  114  109  104  100   94   89   86   85   86   86   85
   82   78   73   69   67   73   87  110  134  158  180  201  223  242  263  284
  307  334  365  401  433  467  488  504  520  537  551  559  559  546  524  497
  474  447  416  386  348  302  248  196  152
    20.0-180.0 180.0   5.0 450.0                            LAT/LON1/LON2/DLON/H
  200  157  125  109  102   97   96   92   90   89   89   92   98  108  118  125
  127  127  125  123  121  118  115  112  108  103   97   92   87   84   82   79
   76   72   68   66   66   74   91  115  141  167  191  217  241  267  294  321
  348  380  411  444  472  497  516  530  544  562  578  589  595  587  568  544
  522  503  483  451  415  367  311  256  200
    17.5-180.0 180.0   5.0 450.0                            LAT/LON1/LON2/DLON/H
  248  197  157  137  127  125  125  121  114  103   94   90   88   91   97  103
  107  111  113  118  122  123  121  120  117  112  105   96   88   81   76   72
   69   66   64   64   68   79   98  122  147  174  202  231  262  293  323  354
  384  415  443  467  484  499  513  524  537  554  571  584  592  587  574  555
  540  526  512  491  460  418  366  309  248
    15.0-180.0 180.0   5.0 450.0                            LAT/LON1/LON2/DLON/H
  289  233  190  168  157  155  158  157  144  124  107   96   87   84   84   86
   91   97  104  113  123  126  126  126  124  119  110   97   86   76   70   66
   63   62   61   63   69   84  105  129  157  185  215  247  282  315  348  380
  408  434  455  467  476  483  492  500  512  527  542  553  563  561  552  540
  531  522  514  502  482  450  406  351  289
    12.5-180.0 180.0   5.0 450.0                            LAT/LON1/LON2/DLON/H
  320  266  222  198  188  186  192  194  177  151  127  110   98   90   83   81
   83   89   98  110  122  128  130  131  127  120  109   95   82   72   66   63
   61   59   59   63   73   89  113  140  168  196  228  263  300  333  366  394
  418  437  449  456  457  458  462  468  479  491  501  510  520  523  519  512
  507  503  501  496  484  463  426  380  320
    10.0-180.0 180.0   5.0 450.0                            LAT/LON1/LON2/DLON/H
  339  287  245  218  208  212  223  228  209  179  152  132  117  105   94   87
   86   90   98  110  121  128  130  130  126  118  106   92   79   70   65   62
   60   59   61   65   77   97  123  150  177  206  239  276  313  346  375  398
  416  429  436  438  436  434  434  440  448  458  465  472  481  485  486  483
  480  478  479  477  474  462  435  394  339
     7.5-180.0 180.0   5.0 450.0                            LAT/LON1/LON2/DLON/H
  349  301  257  229  219  224  241  250  233  201  177  157  140  128  113  103
   98   99  104  113  120  125  127  126  122  115  103   89   77   69   66   64
   62   62   63   68   82  104  131  159  186  215  248  285  321  353  378  396
  409  417  421  422  420  418  420  426  434  440  445  450  457  462  465  463
  461  458  458  458  458  451  433  396  349
     5.0-180.0 180.0   5.0 450.0                            LAT/LON1/LON2/DLON/H
  353  308  265  235  223  229  245  256  243  216  192  178  164  151  137  125
  118  114  114  117  118  120  122  121  118  111   99   86   77   71   69   68
   67   66   67   73   89  113  139  166  191  220  253  287  321  351  374  391
  400  407  411  413  414  416  422  431  439  443  444  448  454  461  465  464
  458  453  451  449  447  441  426  395  353
     2.5-180.0 180.0   5.0 450.0                            LAT/LON1/LON2/DLON/H
  357  313  270  238  223  227  240  249  240  218  200  191  182  170  160  148
  140  131  126  120  117  115  116  115  113  106   95   84   77   74   72   73
   72   71   71   79   95  119  144  169  194  220  251  284  316  344  367  383
  393  401  408  414  419  428  440  452  460  463  463  466  472  480  484  482
  475  466  461  455  448  438  421  395  357
